    0.21435E+09    0.30000E+03    0.00000E+00    0.00000E+00
    0.17939E+09    0.30000E+03    0.00000E+00    0.00000E+00
    0.48885E+09    0.28581E+03   -0.15255E+06    0.17077E+07
    0.59518E+09    0.27067E+03   -0.69251E+05    0.80250E+06
    0.95998E+09    0.26431E+03   -0.20773E+05    0.53511E+06
    0.66907E+09    0.25960E+03   -0.15900E+05    0.18020E+06
    0.62405E+09    0.25641E+03   -0.19889E+05    0.87210E+05
    0.62352E+09    0.24790E+03   -0.24461E+05    0.34350E+06
    0.58925E+09    0.23355E+03   -0.28933E+05    0.36948E+06
    0.89104E+09    0.21787E+03   -0.32903E+05    0.35950E+06
    0.37080E+08    0.20465E+03   -0.27483E+05    0.34869E+06
    0.50701E+09    0.19047E+03   -0.27944E+05    0.24189E+06
    0.74615E+09    0.17484E+03   -0.35226E+05    0.17804E+06
    0.23305E+09    0.16136E+03   -0.48050E+05    0.14130E+06
    0.30846E+09    0.15057E+03   -0.50605E+05    0.15957E+06
    0.66414E+09    0.14141E+03   -0.46782E+05    0.97947E+05
    0.43705E+09    0.13493E+03   -0.32044E+05    0.92882E+05
    0.45251E+09    0.12826E+03   -0.37964E+03    0.28109E+06
    0.42175E+09    0.11815E+03    0.22146E+05    0.45551E+06
    0.33089E+09    0.10405E+03    0.41164E+05    0.65646E+06
    0.00000E+00    0.85887E+02    0.52162E+05    0.79452E+06
    0.98901E+08    0.67965E+02    0.64673E+05    0.90119E+06
    0.00000E+00    0.48121E+02    0.11617E+06    0.15094E+07
    0.55470E+09    0.20705E+02    0.18236E+06    0.26714E+07
    0.21167E+09    0.30000E+03    0.00000E+00    0.00000E+00
    0.17635E+09    0.30000E+03    0.00000E+00    0.00000E+00
    0.34152E+09    0.29891E+03    0.23610E+06    0.22782E+06
    0.10420E+09    0.29565E+03    0.22957E+06    0.26850E+06
    0.22800E+09    0.29264E+03    0.91329E+05    0.44942E+06
    0.40938E+09    0.28717E+03    0.56831E+05    0.22599E+06
    0.55848E+08    0.28275E+03    0.67572E+05    0.11739E+06
    0.83072E+07    0.27369E+03    0.91904E+05    0.39292E+06
    0.21133E+09    0.25716E+03    0.12732E+06    0.44816E+06
    0.84138E+09    0.23719E+03    0.18275E+06    0.48545E+06
    0.15351E+09    0.21705E+03    0.15846E+06    0.51601E+06
    0.74104E+09    0.19650E+03    0.16694E+06    0.37197E+06
    0.44819E+09    0.17956E+03    0.20896E+06    0.18073E+06
    0.35453E+09    0.17031E+03    0.25486E+06    0.25690E+05
    0.59786E+09    0.16543E+03    0.30148E+06   -0.27149E+03
    0.76314E+09    0.16323E+03    0.34944E+06   -0.17526E+06
    0.56183E+09    0.16674E+03    0.42629E+06   -0.29719E+06
    0.16438E+09    0.17029E+03    0.53182E+06   -0.37562E+05
    0.36638E+09    0.16558E+03    0.58356E+06    0.34038E+06
    0.79613E+09    0.15348E+03    0.63563E+06    0.60291E+06
    0.70883E+09    0.13558E+03    0.77994E+06    0.84636E+06
    0.33400E+09    0.11399E+03    0.99820E+06    0.13488E+07
    0.33175E+09    0.84251E+02    0.12441E+07    0.26190E+07
    0.12584E+09    0.38238E+02    0.14011E+07    0.48275E+07
    0.21217E+09    0.30000E+03    0.00000E+00    0.00000E+00
    0.17592E+09    0.30000E+03    0.00000E+00    0.00000E+00
    0.34056E+09    0.30052E+03    0.22203E+06    0.78110E+04
    0.14255E+09    0.30064E+03    0.15391E+06    0.30331E+05
    0.45930E+08    0.30016E+03    0.71227E+05    0.18789E+06
    0.15600E+09    0.29770E+03    0.53161E+05    0.11419E+06
    0.88715E+09    0.29572E+03    0.71039E+05    0.56406E+05
    0.63319E+09    0.29066E+03    0.10124E+06    0.26452E+06
    0.45410E+09    0.28074E+03    0.12275E+06    0.29034E+06
    0.75343E+09    0.26891E+03    0.16104E+06    0.31051E+06
    0.28706E+09    0.25192E+03    0.18090E+06    0.44846E+06
    0.33607E+09    0.23245E+03    0.20080E+06    0.36155E+06
    0.54570E+09    0.21760E+03    0.22229E+06    0.17511E+06
    0.88621E+09    0.21000E+03    0.22087E+06    0.56772E+05
    0.59398E+09    0.20472E+03    0.21250E+06    0.49172E+05
    0.70479E+09    0.20073E+03    0.26045E+06   -0.10788E+06
    0.40359E+09    0.20289E+03    0.31225E+06   -0.25848E+06
    0.61473E+09    0.20575E+03    0.30578E+06    0.50058E+04
    0.55975E+09    0.20044E+03    0.30217E+06    0.30079E+06
    0.52839E+09    0.18827E+03    0.33922E+06    0.58145E+06
    0.70956E+09    0.16945E+03    0.51450E+06    0.10741E+07
    0.33766E+09    0.14116E+03    0.64009E+06    0.20735E+07
    0.16329E+09    0.99095E+02    0.49960E+06    0.35329E+07
    0.36652E+08    0.41371E+02    0.29282E+06    0.55639E+07
    0.21230E+09    0.30000E+03    0.00000E+00    0.00000E+00
    0.17591E+09    0.30000E+03    0.00000E+00    0.00000E+00
    0.35978E+09    0.30050E+03    0.55465E+05    0.83519E+04
    0.44097E+09    0.30059E+03    0.36300E+05    0.89334E+04
    0.62586E+08    0.30025E+03    0.20334E+05    0.81208E+05
    0.19785E+09    0.29901E+03    0.18185E+05    0.58279E+05
    0.61950E+09    0.29845E+03    0.24327E+05    0.27215E+05
    0.62154E+09    0.29635E+03    0.36253E+05    0.15778E+06
    0.24235E+08    0.29048E+03    0.45172E+05    0.19691E+06
    0.55856E+09    0.28263E+03    0.55979E+05    0.23742E+06
    0.91484E+09    0.26909E+03    0.61256E+05    0.37288E+06
    0.16559E+09    0.25353E+03    0.47189E+05    0.28369E+06
    0.95448E+09    0.24000E+03    0.42908E+05    0.19938E+06
    0.73486E+09    0.22937E+03    0.27980E+05    0.13963E+06
    0.37302E+09    0.22015E+03    0.12211E+05    0.13606E+06
    0.48049E+08    0.21213E+03   -0.93142E+04    0.64500E+05
    0.49606E+09    0.20748E+03   -0.47414E+05    0.23025E+05
    0.87066E+09    0.20244E+03   -0.80621E+05    0.22906E+06
    0.20396E+09    0.19138E+03   -0.11881E+06    0.46535E+06
    0.24859E+09    0.17487E+03   -0.18190E+06    0.77305E+06
    0.51981E+09    0.15251E+03   -0.30819E+06    0.13250E+07
    0.17009E+09    0.12282E+03   -0.42881E+06    0.19920E+07
    0.16690E+08    0.84072E+02   -0.52027E+06    0.28479E+07
    0.32201E+09    0.33452E+02   -0.69455E+06    0.46124E+07
    0.21158E+09    0.30000E+03    0.00000E+00    0.00000E+00
    0.17575E+09    0.30000E+03    0.00000E+00    0.00000E+00
    0.35266E+09    0.30048E+03    0.13809E+05    0.12216E+05
    0.17002E+09    0.30050E+03    0.86908E+04    0.75505E+04
    0.19081E+09    0.30015E+03    0.50973E+04    0.45274E+05
    0.48558E+09    0.29930E+03    0.50813E+04    0.34988E+05
    0.51538E+09    0.29923E+03    0.77294E+04    0.19167E+05
    0.14710E+09    0.29857E+03    0.10704E+05    0.11038E+06
    0.47690E+09    0.29489E+03    0.12110E+05    0.14289E+06
    0.32339E+09    0.28857E+03    0.13962E+05    0.20601E+06
    0.16735E+09    0.27577E+03    0.10935E+05    0.33801E+06
    0.25570E+09    0.26013E+03    0.31303E+02    0.28013E+06
    0.27344E+09    0.24531E+03   -0.13878E+05    0.23764E+06
    0.19815E+09    0.23210E+03   -0.32666E+05    0.19512E+06
    0.62748E+09    0.22063E+03   -0.48945E+05    0.19043E+06
    0.73210E+09    0.21073E+03   -0.74940E+05    0.13597E+06
    0.25219E+09    0.20323E+03   -0.10836E+06    0.12383E+06
    0.29632E+09    0.19558E+03   -0.13146E+06    0.28336E+06
    0.73143E+09    0.18309E+03   -0.16465E+06    0.46971E+06
    0.71839E+09    0.16616E+03   -0.21829E+06    0.73005E+06
    0.65194E+09    0.14546E+03   -0.27760E+06    0.10728E+07
    0.34800E+09    0.11881E+03   -0.35108E+06    0.17614E+07
    0.00000E+00    0.82390E+02   -0.40813E+06    0.27051E+07
    0.60014E+09    0.32670E+02   -0.51936E+06    0.45069E+07
    0.20998E+09    0.30000E+03    0.00000E+00    0.00000E+00
    0.17468E+09    0.30000E+03    0.00000E+00    0.00000E+00
    0.32698E+09    0.30040E+03    0.13766E+05    0.13147E+05
    0.74988E+09    0.30027E+03    0.96040E+04    0.76544E+04
    0.66121E+09    0.29973E+03    0.57017E+04    0.29423E+05
    0.24928E+09    0.29891E+03    0.56916E+04    0.23038E+05
    0.56541E+09    0.29896E+03    0.95480E+04    0.15743E+05
    0.90304E+09    0.29886E+03    0.12596E+05    0.89634E+05
    0.55128E+09    0.29611E+03    0.13613E+05    0.11664E+06
    0.93738E+09    0.29004E+03    0.17495E+05    0.18789E+06
    0.16164E+09    0.27531E+03    0.20417E+05    0.37248E+06
    0.14048E+09    0.25650E+03    0.82261E+04    0.34674E+06
    0.47486E+09    0.24059E+03   -0.63665E+04    0.25991E+06
    0.47859E+09    0.22651E+03   -0.21623E+05    0.21965E+06
    0.87071E+09    0.21366E+03   -0.36496E+05    0.21574E+06
    0.91759E+09    0.20264E+03   -0.54069E+05    0.16171E+06
    0.28203E+09    0.19342E+03   -0.79276E+05    0.15978E+06
    0.34296E+08    0.18410E+03   -0.10050E+06    0.31966E+06
    0.73569E+09    0.17092E+03   -0.12107E+06    0.46289E+06
    0.38763E+09    0.15465E+03   -0.14840E+06    0.63523E+06
    0.12410E+09    0.13560E+03   -0.18344E+06    0.93754E+06
    0.40379E+09    0.11111E+03   -0.22088E+06    0.15661E+07
    0.23337E+09    0.77342E+02   -0.25057E+06    0.25076E+07
    0.72718E+09    0.30309E+02   -0.30222E+06    0.42048E+07
    0.20871E+09    0.30000E+03    0.00000E+00    0.00000E+00
    0.17392E+09    0.30000E+03    0.00000E+00    0.00000E+00
    0.32246E+09    0.30031E+03   -0.18320E+05    0.14496E+05
    0.90237E+09    0.30010E+03   -0.14757E+05    0.83167E+04
    0.16990E+09    0.29942E+03   -0.92338E+04    0.21891E+05
    0.13732E+09    0.29862E+03   -0.87819E+04    0.16633E+05
    0.33193E+09    0.29874E+03   -0.14064E+05    0.12791E+05
    0.11800E+09    0.29858E+03   -0.21513E+05    0.75577E+05
    0.38133E+08    0.29537E+03   -0.30417E+05    0.11516E+06
    0.96881E+09    0.28809E+03   -0.49269E+05    0.19667E+06
    0.78778E+09    0.26996E+03   -0.92456E+05    0.43430E+06
    0.42236E+09    0.24571E+03   -0.12786E+06    0.46813E+06
    0.33045E+09    0.22678E+03   -0.13368E+06    0.32521E+06
    0.35687E+09    0.21138E+03   -0.14851E+06    0.26039E+06
    0.78811E+09    0.19754E+03   -0.16636E+06    0.24318E+06
    0.66085E+09    0.18587E+03   -0.18454E+06    0.18472E+06
    0.77422E+09    0.17514E+03   -0.23073E+06    0.18213E+06
    0.81808E+09    0.16324E+03   -0.31188E+06    0.37730E+06
    0.88456E+09    0.14851E+03   -0.34937E+06    0.51550E+06
    0.92609E+09    0.13304E+03   -0.34766E+06    0.56837E+06
    0.12175E+09    0.11683E+03   -0.37438E+06    0.72864E+06
    0.76021E+09    0.96859E+02   -0.43515E+06    0.11939E+07
    0.76805E+09    0.68011E+02   -0.52851E+06    0.21447E+07
    0.85966E+09    0.26207E+02   -0.63360E+06    0.36731E+07
    0.20907E+09    0.30000E+03    0.00000E+00    0.00000E+00
    0.17447E+09    0.30000E+03    0.00000E+00    0.00000E+00
    0.35984E+09    0.30041E+03    0.46620E+04    0.19085E+05
    0.73374E+09    0.30054E+03    0.26479E+04    0.98632E+04
    0.65620E+09    0.30013E+03    0.13169E+04    0.18175E+05
    0.34181E+09    0.29965E+03    0.12997E+04    0.12979E+05
    0.93263E+09    0.30000E+03    0.24051E+04    0.11501E+05
    0.23163E+09    0.29963E+03    0.40076E+04    0.73155E+05
    0.92529E+08    0.29583E+03    0.47859E+04    0.12131E+06
    0.99333E+08    0.28703E+03    0.57963E+04    0.22790E+06
    0.28508E+09    0.26620E+03    0.70297E+04    0.48753E+06
    0.80917E+09    0.23773E+03   -0.18573E+04    0.56368E+06
    0.63696E+08    0.21463E+03   -0.17012E+05    0.41532E+06
    0.18084E+09    0.19590E+03   -0.29895E+05    0.33675E+06
    0.21631E+09    0.17982E+03   -0.41440E+05    0.30398E+06
    0.23114E+09    0.16732E+03   -0.50829E+05    0.22050E+06
    0.66931E+09    0.15647E+03   -0.61456E+05    0.18005E+06
    0.54109E+09    0.14471E+03   -0.77193E+05    0.32545E+06
    0.76994E+09    0.13073E+03   -0.91361E+05    0.48830E+06
    0.91133E+08    0.11606E+03   -0.92486E+05    0.57229E+06
    0.22754E+09    0.10090E+03   -0.86629E+05    0.67126E+06
    0.70399E+09    0.82646E+02   -0.84679E+05    0.10745E+07
    0.10627E+09    0.56100E+02   -0.78190E+05    0.19710E+07
    0.54265E+09    0.19837E+02   -0.52219E+05    0.29984E+07
    0.20936E+09    0.30000E+03    0.00000E+00    0.00000E+00
    0.17476E+09    0.30000E+03    0.00000E+00    0.00000E+00
    0.33342E+09    0.30023E+03   -0.42633E+05    0.26253E+05
    0.36883E+09    0.30032E+03   -0.29826E+05    0.13237E+05
    0.57102E+09    0.30004E+03   -0.14524E+05    0.17980E+05
    0.67005E+09    0.29967E+03   -0.11644E+05    0.11438E+05
    0.71344E+09    0.29994E+03   -0.19547E+05    0.11138E+05
    0.22953E+09    0.29893E+03   -0.37579E+05    0.76210E+05
    0.70176E+09    0.29435E+03   -0.52601E+05    0.12242E+06
    0.19564E+09    0.28346E+03   -0.97238E+05    0.26243E+06
    0.27617E+08    0.26015E+03   -0.16382E+06    0.52966E+06
    0.49858E+09    0.23119E+03   -0.19457E+06    0.53368E+06
    0.49368E+09    0.20595E+03   -0.21592E+06    0.47181E+06
    0.20410E+09    0.18274E+03   -0.24724E+06    0.42474E+06
    0.47155E+09    0.16216E+03   -0.27869E+06    0.41289E+06
    0.31881E+09    0.14613E+03   -0.29796E+06    0.33142E+06
    0.65703E+09    0.13421E+03   -0.28349E+06    0.22848E+06
    0.13443E+09    0.12296E+03   -0.29291E+06    0.30167E+06
    0.31820E+09    0.11012E+03   -0.33784E+06    0.41471E+06
    0.59975E+09    0.96867E+02   -0.36697E+06    0.51061E+06
    0.76232E+09    0.83100E+02   -0.37105E+06    0.61591E+06
    0.78180E+09    0.66630E+02   -0.39329E+06    0.94204E+06
    0.82055E+09    0.44074E+02   -0.43197E+06    0.15729E+07
    0.80935E+09    0.14850E+02   -0.44038E+06    0.23102E+07
    0.20957E+09    0.30000E+03    0.00000E+00    0.00000E+00
    0.17465E+09    0.30000E+03    0.00000E+00    0.00000E+00
    0.36102E+09    0.30021E+03   -0.50521E+05    0.27410E+05
    0.73287E+09    0.30031E+03   -0.35690E+05    0.13960E+05
    0.50568E+09    0.30009E+03   -0.18806E+05    0.18366E+05
    0.96240E+09    0.29977E+03   -0.14485E+05    0.11198E+05
    0.13068E+09    0.29983E+03   -0.23248E+05    0.10964E+05
    0.73327E+09    0.29763E+03   -0.50833E+05    0.84028E+05
    0.16501E+09    0.29131E+03   -0.71525E+05    0.13881E+06
    0.23776E+09    0.27650E+03   -0.13311E+06    0.30581E+06
    0.91018E+09    0.24709E+03   -0.21998E+06    0.61740E+06
    0.60399E+09    0.21263E+03   -0.25249E+06    0.62810E+06
    0.71612E+09    0.18119E+03   -0.29285E+06    0.62326E+06
    0.78099E+09    0.15536E+03   -0.27834E+06    0.47757E+06
    0.50034E+09    0.13560E+03   -0.26514E+06    0.40377E+06
    0.27324E+09    0.12113E+03   -0.26215E+06    0.31556E+06
    0.31853E+09    0.11128E+03   -0.23446E+06    0.20680E+06
    0.40798E+09    0.10163E+03   -0.22671E+06    0.25670E+06
    0.95217E+07    0.90758E+02   -0.23481E+06    0.31871E+06
    0.25861E+09    0.80578E+02   -0.22833E+06    0.37309E+06
    0.18874E+09    0.69907E+02   -0.22528E+06    0.48432E+06
    0.99081E+09    0.55779E+02   -0.23395E+06    0.82712E+06
    0.60629E+09    0.36157E+02   -0.22030E+06    0.13599E+07
    0.15143E+09    0.11838E+02   -0.18233E+06    0.18927E+07
    0.20974E+09    0.30000E+03    0.00000E+00    0.00000E+00
    0.17478E+09    0.30000E+03    0.00000E+00    0.00000E+00
    0.36978E+09    0.30027E+03    0.72530E+04    0.28082E+05
    0.52149E+08    0.30046E+03    0.45858E+04    0.13589E+05
    0.57690E+09    0.30019E+03    0.24315E+04    0.16870E+05
    0.15925E+09    0.29981E+03    0.21862E+04    0.10856E+05
    0.58630E+09    0.29949E+03    0.42636E+04    0.11562E+05
    0.76787E+09    0.29576E+03    0.12304E+05    0.10597E+06
    0.84951E+09    0.28664E+03    0.21392E+05    0.20081E+06
    0.72152E+09    0.26732E+03    0.47188E+05    0.41485E+06
    0.15353E+09    0.23204E+03    0.10243E+06    0.76673E+06
    0.20881E+09    0.19159E+03    0.14901E+06    0.78304E+06
    0.38821E+09    0.15675E+03    0.17634E+06    0.66166E+06
    0.93820E+08    0.13170E+03    0.16736E+06    0.45521E+06
    0.71391E+09    0.11447E+03    0.16523E+06    0.35330E+06
    0.53519E+09    0.10348E+03    0.14418E+06    0.21662E+06
    0.92062E+09    0.96789E+02    0.13547E+06    0.12694E+06
    0.80498E+09    0.88907E+02    0.17453E+06    0.19386E+06
    0.73657E+09    0.79622E+02    0.23601E+06    0.26321E+06
    0.82163E+09    0.70979E+02    0.25355E+06    0.30830E+06
    0.87710E+09    0.61963E+02    0.28487E+06    0.41628E+06
    0.86744E+09    0.49663E+02    0.33538E+06    0.71881E+06
    0.39726E+08    0.32519E+02    0.37771E+06    0.11653E+07
    0.22095E+09    0.10971E+02    0.43606E+06    0.16977E+07
    0.20919E+09    0.30000E+03    0.00000E+00    0.00000E+00
    0.17420E+09    0.30000E+03    0.00000E+00    0.00000E+00
    0.37788E+09    0.30019E+03   -0.12338E+05    0.31891E+05
    0.86986E+09    0.30029E+03   -0.90048E+04    0.15904E+05
    0.27273E+09    0.29998E+03   -0.46010E+04    0.17720E+05
    0.75984E+09    0.29965E+03   -0.36004E+04    0.11256E+05
    0.97667E+09    0.29903E+03   -0.59886E+04    0.12286E+05
    0.59712E+09    0.29410E+03   -0.16467E+05    0.12442E+06
    0.25417E+09    0.28161E+03   -0.31507E+05    0.29885E+06
    0.42739E+09    0.25817E+03   -0.46831E+05    0.55652E+06
    0.72320E+09    0.22227E+03   -0.52906E+05    0.81168E+06
    0.65108E+09    0.18564E+03   -0.56687E+05    0.69007E+06
    0.49494E+09    0.15625E+03   -0.57789E+05    0.53664E+06
    0.48084E+09    0.13231E+03   -0.61031E+05    0.43362E+06
    0.91157E+09    0.11271E+03   -0.66851E+05    0.40443E+06
    0.79363E+09    0.99586E+02   -0.60638E+05    0.25519E+06
    0.25927E+09    0.92200E+02   -0.51342E+05    0.14182E+06
    0.22273E+09    0.84314E+02   -0.57619E+05    0.20508E+06
    0.29893E+09    0.75268E+02   -0.68453E+05    0.27052E+06
    0.66229E+09    0.66583E+02   -0.63449E+05    0.30880E+06
    0.47693E+09    0.58009E+02   -0.56039E+05    0.39864E+06
    0.84297E+09    0.47546E+02   -0.40555E+05    0.56189E+06
    0.65348E+09    0.33146E+02   -0.25648E+05    0.91629E+06
    0.24819E+09    0.12738E+02    0.79549E+03    0.17145E+07
    0.20996E+09    0.30000E+03    0.00000E+00    0.00000E+00
    0.17426E+09    0.30000E+03    0.00000E+00    0.00000E+00
    0.43777E+09    0.30004E+03    0.90916E+03    0.36633E+05
    0.29631E+09    0.29998E+03    0.32368E+03    0.20171E+05
    0.66330E+09    0.29970E+03    0.14200E+03    0.20828E+05
    0.25391E+09    0.29946E+03    0.28926E+03    0.12912E+05
    0.91986E+08    0.29866E+03    0.95149E+03    0.14105E+05
    0.87834E+09    0.29309E+03    0.44974E+04    0.14268E+06
    0.40569E+09    0.27879E+03    0.13978E+05    0.36465E+06
    0.81246E+09    0.25377E+03    0.28840E+05    0.59949E+06
    0.78620E+09    0.21804E+03    0.48107E+05    0.80042E+06
    0.23238E+09    0.18027E+03    0.56875E+05    0.74232E+06
    0.54859E+08    0.14926E+03    0.49768E+05    0.56446E+06
    0.89554E+09    0.12572E+03    0.45594E+05    0.40899E+06
    0.21595E+09    0.10706E+03    0.50727E+05    0.36453E+06
    0.20912E+09    0.93188E+02    0.48909E+05    0.28594E+06
    0.78042E+09    0.84227E+02    0.38654E+05    0.18445E+06
    0.93038E+09    0.76003E+02    0.38257E+05    0.22402E+06
    0.10071E+09    0.67604E+02    0.40219E+05    0.24591E+06
    0.71131E+09    0.59644E+02    0.41717E+05    0.28974E+06
    0.60808E+09    0.51726E+02    0.41621E+05    0.36758E+06
    0.11480E+09    0.42308E+02    0.38869E+05    0.48943E+06
    0.62749E+09    0.29346E+02    0.54356E+05    0.81765E+06
    0.23918E+09    0.11231E+02    0.10058E+06    0.15146E+07
    0.21060E+09    0.30000E+03    0.00000E+00    0.00000E+00
    0.17469E+09    0.30000E+03    0.00000E+00    0.00000E+00
    0.40247E+09    0.29981E+03   -0.10630E+05    0.45373E+05
    0.92213E+09    0.29957E+03   -0.96932E+04    0.27368E+05
    0.55591E+09    0.29938E+03   -0.43654E+04    0.23789E+05
    0.96557E+09    0.29918E+03   -0.32703E+04    0.14516E+05
    0.94784E+09    0.29832E+03   -0.54703E+04    0.16590E+05
    0.12076E+09    0.29282E+03   -0.13406E+05    0.15672E+06
    0.85072E+09    0.27986E+03   -0.21556E+05    0.33221E+06
    0.47706E+09    0.25837E+03   -0.24772E+05    0.49488E+06
    0.55112E+09    0.22634E+03   -0.21967E+05    0.70669E+06
    0.51186E+09    0.18803E+03   -0.20875E+05    0.79016E+06
    0.20349E+09    0.15348E+03   -0.27060E+05    0.64548E+06
    0.88313E+09    0.12810E+03   -0.31900E+05    0.44007E+06
    0.17150E+09    0.10991E+03   -0.32465E+05    0.35750E+06
    0.99395E+09    0.96563E+02   -0.34069E+05    0.27829E+06
    0.22046E+09    0.86997E+02   -0.36742E+05    0.20598E+06
    0.15480E+09    0.78298E+02   -0.38239E+05    0.23895E+06
    0.51710E+09    0.70250E+02   -0.37842E+05    0.23067E+06
    0.78179E+08    0.62657E+02   -0.36418E+05    0.26702E+06
    0.39865E+09    0.54440E+02   -0.33976E+05    0.38482E+06
    0.88541E+09    0.43896E+02   -0.23762E+05    0.57272E+06
    0.32503E+09    0.29487E+02   -0.94414E+04    0.96865E+06
    0.82686E+09    0.10993E+02    0.13567E+05    0.15575E+07
    0.20992E+09    0.30000E+03    0.00000E+00    0.00000E+00
    0.17415E+09    0.30000E+03    0.00000E+00    0.00000E+00
    0.45399E+09    0.29957E+03   -0.27249E+05    0.62731E+05
    0.83732E+09    0.29913E+03   -0.24136E+05    0.37529E+05
    0.48529E+09    0.29907E+03   -0.97151E+04    0.27959E+05
    0.70925E+09    0.29899E+03   -0.71243E+04    0.16146E+05
    0.59131E+09    0.29804E+03   -0.11806E+05    0.17473E+05
    0.20054E+08    0.29209E+03   -0.29539E+05    0.16082E+06
    0.61951E+09    0.27856E+03   -0.48247E+05    0.33047E+06
    0.64264E+09    0.25657E+03   -0.60370E+05    0.49371E+06
    0.47206E+09    0.22386E+03   -0.70069E+05    0.72811E+06
    0.90820E+09    0.18631E+03   -0.76624E+05    0.74142E+06
    0.41896E+09    0.15301E+03   -0.74557E+05    0.61309E+06
    0.41747E+09    0.12645E+03   -0.75547E+05    0.47554E+06
    0.52991E+09    0.10725E+03   -0.69826E+05    0.38555E+06
    0.52798E+09    0.94465E+02   -0.59127E+05    0.27811E+06
    0.92329E+09    0.85347E+02   -0.53662E+05    0.20341E+06
    0.45722E+09    0.76647E+02   -0.52675E+05    0.23791E+06
    0.48327E+09    0.68708E+02   -0.48881E+05    0.22883E+06
    0.26148E+09    0.61353E+02   -0.43955E+05    0.25851E+06
    0.37782E+09    0.53502E+02   -0.37454E+05    0.36868E+06
    0.83387E+09    0.43182E+02   -0.24680E+05    0.57638E+06
    0.94512E+09    0.28905E+02   -0.73278E+04    0.98155E+06
    0.72701E+09    0.10873E+02    0.16561E+05    0.15386E+07
    0.21033E+09    0.30000E+03    0.00000E+00    0.00000E+00
    0.17385E+09    0.30000E+03    0.00000E+00    0.00000E+00
    0.44637E+09    0.29925E+03   -0.14581E+05    0.97603E+05
    0.83427E+09    0.29859E+03   -0.12265E+05    0.53152E+05
    0.47152E+09    0.29861E+03   -0.45798E+04    0.36151E+05
    0.40477E+09    0.29863E+03   -0.30367E+04    0.19955E+05
    0.61589E+09    0.29765E+03   -0.41219E+04    0.19257E+05
    0.74382E+09    0.29099E+03   -0.73930E+04    0.17146E+06
    0.79420E+09    0.27422E+03   -0.68571E+04    0.43299E+06
    0.89113E+09    0.24826E+03    0.28978E+04    0.59625E+06
    0.57525E+09    0.21390E+03    0.23533E+05    0.76659E+06
    0.14004E+09    0.17649E+03    0.40727E+05    0.73838E+06
    0.93354E+09    0.14341E+03    0.46778E+05    0.59886E+06
    0.79186E+09    0.11650E+03    0.60619E+05    0.47939E+06
    0.42459E+09    0.97571E+02    0.58771E+05    0.37748E+06
    0.43244E+09    0.85955E+02    0.44260E+05    0.26224E+06
    0.36833E+09    0.77465E+02    0.39484E+05    0.19661E+06
    0.73149E+09    0.68828E+02    0.43814E+05    0.23378E+06
    0.78554E+09    0.60740E+02    0.45477E+05    0.23851E+06
    0.91272E+09    0.53275E+02    0.46717E+05    0.27033E+06
    0.40456E+08    0.45742E+02    0.45743E+05    0.35521E+06
    0.54741E+08    0.36079E+02    0.48721E+05    0.54270E+06
    0.23751E+09    0.23174E+02    0.61089E+05    0.87120E+06
    0.00000E+00    0.79669E+01    0.71358E+05    0.12271E+07
    0.21023E+09    0.30000E+03    0.00000E+00    0.00000E+00
    0.17379E+09    0.30000E+03    0.00000E+00    0.00000E+00
    0.44227E+09    0.29893E+03   -0.86854E+04    0.14001E+06
    0.67956E+09    0.29795E+03   -0.71784E+04    0.70134E+05
    0.95243E+09    0.29781E+03   -0.28483E+04    0.50705E+05
    0.11220E+09    0.29793E+03   -0.16021E+04    0.25904E+05
    0.85241E+09    0.29723E+03   -0.13719E+04    0.19873E+05
    0.97430E+09    0.29094E+03    0.21109E+03    0.16090E+06
    0.45973E+09    0.27280E+03    0.14444E+05    0.49719E+06
    0.46744E+09    0.24531E+03    0.28798E+05    0.64131E+06
    0.77347E+09    0.21278E+03    0.45355E+05    0.73354E+06
    0.27161E+09    0.17940E+03    0.52809E+05    0.64433E+06
    0.42144E+09    0.14935E+03    0.57402E+05    0.53668E+06
    0.42116E+09    0.12391E+03    0.72545E+05    0.43705E+06
    0.51760E+09    0.10472E+03    0.72522E+05    0.37992E+06
    0.94117E+08    0.91804E+02    0.52971E+05    0.29079E+06
    0.18368E+08    0.82443E+02    0.43943E+05    0.22138E+06
    0.97113E+08    0.73490E+02    0.45457E+05    0.24652E+06
    0.54296E+08    0.65028E+02    0.46620E+05    0.25422E+06
    0.12877E+09    0.56972E+02    0.48147E+05    0.29288E+06
    0.81235E+09    0.48537E+02    0.48631E+05    0.40368E+06
    0.49419E+09    0.37606E+02    0.53323E+05    0.63597E+06
    0.86388E+09    0.23631E+02    0.59253E+05    0.94984E+06
    0.73659E+09    0.78632E+01    0.60932E+05    0.12542E+07
    0.20914E+09    0.30000E+03    0.00000E+00    0.00000E+00
    0.17369E+09    0.30000E+03    0.00000E+00    0.00000E+00
    0.57156E+09    0.29877E+03    0.41701E+04    0.16029E+06
    0.72310E+09    0.29754E+03    0.25865E+04    0.84006E+05
    0.32387E+09    0.29714E+03    0.12006E+04    0.63347E+05
    0.35795E+09    0.29741E+03    0.10344E+04    0.27999E+05
    0.45349E+09    0.29710E+03    0.18189E+04    0.17486E+05
    0.84389E+09    0.29183E+03    0.65904E+04    0.13393E+06
    0.20226E+09    0.27602E+03    0.30181E+05    0.42215E+06
    0.97089E+08    0.25027E+03    0.55008E+05    0.63381E+06
    0.61817E+09    0.22008E+03    0.63270E+05    0.68018E+06
    0.72303E+09    0.19095E+03    0.59905E+05    0.53412E+06
    0.43730E+09    0.16425E+03    0.71222E+05    0.46359E+06
    0.51478E+09    0.14021E+03    0.10158E+06    0.40399E+06
    0.14493E+09    0.11971E+03    0.11980E+06    0.40281E+06
    0.00000E+00    0.10311E+03    0.10501E+06    0.37650E+06
    0.00000E+00    0.90286E+02    0.89056E+05    0.31266E+06
    0.94802E+09    0.78973E+02    0.84471E+05    0.33294E+06
    0.42048E+09    0.68474E+02    0.80954E+05    0.34495E+06
    0.11576E+09    0.58594E+02    0.71183E+05    0.37125E+06
    0.73619E+09    0.48774E+02    0.59620E+05    0.47324E+06
    0.53004E+09    0.37311E+02    0.50139E+05    0.64264E+06
    0.84493E+09    0.24069E+02    0.43913E+05    0.83772E+06
    0.79546E+08    0.86442E+01    0.52286E+05    0.12502E+07
    0.20956E+09    0.30000E+03    0.00000E+00    0.00000E+00
    0.17398E+09    0.30000E+03    0.00000E+00    0.00000E+00
    0.55062E+09    0.29829E+03   -0.31018E+05    0.21713E+06
    0.93183E+09    0.29709E+03   -0.19768E+05    0.86031E+05
    0.22337E+08    0.29684E+03   -0.81264E+04    0.60314E+05
    0.15317E+09    0.29710E+03   -0.48321E+04    0.28020E+05
    0.96009E+08    0.29689E+03   -0.47527E+04    0.17006E+05
    0.18133E+09    0.29246E+03   -0.65708E+04    0.12124E+06
    0.41569E+09    0.28028E+03   -0.83299E+04    0.30904E+06
    0.63150E+09    0.25945E+03   -0.38516E+04    0.51030E+06
    0.47909E+09    0.23232E+03    0.21443E+04    0.61345E+06
    0.77601E+09    0.20354E+03    0.29977E+04    0.52753E+06
    0.84119E+09    0.17654E+03    0.75250E+04    0.47729E+06
    0.12735E+08    0.15332E+03    0.85199E+04    0.39943E+06
    0.55084E+09    0.13310E+03    0.74396E+04    0.40651E+06
    0.98820E+09    0.11480E+03    0.40472E+04    0.41200E+06
    0.73023E+09    0.99492E+02   -0.93636E+03    0.38268E+06
    0.77078E+09    0.85985E+02   -0.46099E+04    0.41477E+06
    0.77053E+09    0.73715E+02   -0.12690E+05    0.41293E+06
    0.00000E+00    0.62090E+02   -0.21259E+05    0.44418E+06
    0.00000E+00    0.50544E+02   -0.26192E+05    0.56088E+06
    0.85457E+09    0.38063E+02   -0.26969E+05    0.67514E+06
    0.86653E+09    0.24681E+02   -0.24320E+05    0.82823E+06
    0.12595E+09    0.90977E+01   -0.20200E+05    0.12761E+07
    0.20947E+09    0.30000E+03    0.00000E+00    0.00000E+00
    0.17418E+09    0.30000E+03    0.00000E+00    0.00000E+00
    0.53714E+09    0.29698E+03   -0.88311E+05    0.35024E+06
    0.36004E+09    0.29540E+03   -0.41452E+05    0.10410E+06
    0.98558E+09    0.29532E+03   -0.16328E+05    0.68329E+05
    0.76273E+09    0.29559E+03   -0.10113E+05    0.31693E+05
    0.68911E+09    0.29541E+03   -0.10240E+05    0.17764E+05
    0.89541E+09    0.29141E+03   -0.15196E+05    0.11899E+06
    0.10862E+09    0.28089E+03   -0.24232E+05    0.25784E+06
    0.77839E+09    0.26282E+03   -0.27871E+05    0.41567E+06
    0.12349E+09    0.23650E+03   -0.24895E+05    0.60396E+06
    0.68926E+09    0.20573E+03   -0.24392E+05    0.57790E+06
    0.89317E+09    0.17807E+03   -0.24411E+05    0.48455E+06
    0.76966E+08    0.15616E+03   -0.27291E+05    0.37511E+06
    0.55984E+09    0.13736E+03   -0.26750E+05    0.37224E+06
    0.67389E+09    0.11987E+03   -0.22988E+05    0.38328E+06
    0.16285E+09    0.10491E+03   -0.18559E+05    0.37146E+06
    0.79819E+09    0.91769E+02   -0.11752E+05    0.40493E+06
    0.84401E+09    0.79613E+02   -0.81527E+04    0.41189E+06
    0.86056E+09    0.67401E+02   -0.46607E+04    0.47632E+06
    0.99288E+09    0.54521E+02    0.95401E+03    0.65406E+06
    0.65899E+09    0.40327E+02    0.16333E+04    0.78756E+06
    0.55143E+09    0.25391E+02    0.32731E+04    0.95873E+06
    0.46538E+09    0.89911E+01    0.93326E+04    0.13299E+07
    0.20941E+09    0.30000E+03    0.00000E+00    0.00000E+00
    0.17471E+09    0.30000E+03    0.00000E+00    0.00000E+00
    0.50128E+09    0.29636E+03   -0.12452E+06    0.38794E+06
    0.74312E+09    0.29418E+03   -0.74805E+05    0.15461E+06
    0.55699E+09    0.29376E+03   -0.28102E+05    0.98274E+05
    0.51513E+09    0.29391E+03   -0.17101E+05    0.44188E+05
    0.18258E+09    0.29391E+03   -0.15514E+05    0.20489E+05
    0.59976E+09    0.29052E+03   -0.18411E+05    0.11359E+06
    0.91077E+09    0.28085E+03   -0.26945E+05    0.22200E+06
    0.29573E+09    0.26266E+03   -0.33160E+05    0.40454E+06
    0.68157E+09    0.23455E+03   -0.28425E+05    0.66593E+06
    0.71520E+09    0.20290E+03   -0.25754E+05    0.58051E+06
    0.92551E+09    0.17703E+03   -0.20766E+05    0.42868E+06
    0.72209E+09    0.15664E+03   -0.15032E+05    0.34593E+06
    0.21700E+09    0.13891E+03   -0.52239E+04    0.34321E+06
    0.74715E+08    0.12314E+03    0.71712E+04    0.32648E+06
    0.74662E+08    0.11009E+03    0.22681E+05    0.31536E+06
    0.49653E+09    0.98474E+02    0.39359E+05    0.36339E+06
    0.12291E+09    0.87040E+02    0.52901E+05    0.40126E+06
    0.69152E+09    0.74996E+02    0.72317E+05    0.47721E+06
    0.23601E+09    0.61554E+02    0.93275E+05    0.72244E+06
    0.47715E+09    0.45301E+02    0.91074E+05    0.94942E+06
    0.35015E+09    0.27823E+02    0.79948E+05    0.11423E+07
    0.31919E+09    0.95930E+01    0.77633E+05    0.14706E+07
    0.20968E+09    0.30000E+03    0.00000E+00    0.00000E+00
    0.17489E+09    0.30000E+03    0.00000E+00    0.00000E+00
    0.46498E+09    0.29478E+03   -0.23851E+06    0.52308E+06
    0.20092E+09    0.29220E+03   -0.12243E+06    0.18352E+06
    0.10090E+09    0.29194E+03   -0.45260E+05    0.12587E+06
    0.26700E+09    0.29146E+03   -0.32902E+05    0.67428E+05
    0.64243E+09    0.29119E+03   -0.29170E+05    0.26922E+05
    0.68499E+09    0.28811E+03   -0.27046E+05    0.12833E+06
    0.33387E+09    0.27873E+03   -0.34957E+05    0.21271E+06
    0.13077E+09    0.26084E+03   -0.43486E+05    0.38389E+06
    0.46691E+09    0.23293E+03   -0.36349E+05    0.66862E+06
    0.70381E+09    0.20022E+03   -0.28490E+05    0.60491E+06
    0.33630E+09    0.17328E+03   -0.20086E+05    0.44394E+06
    0.32439E+09    0.15326E+03   -0.11268E+05    0.33169E+06
    0.94432E+09    0.13722E+03    0.25070E+04    0.30707E+06
    0.30083E+09    0.12333E+03    0.17641E+05    0.27634E+06
    0.77659E+09    0.11196E+03    0.36348E+05    0.27054E+06
    0.97801E+09    0.10138E+03    0.55585E+05    0.35623E+06
    0.37613E+09    0.89907E+02    0.68196E+05    0.43489E+06
    0.10648E+08    0.77575E+02    0.77070E+05    0.51459E+06
    0.75537E+09    0.64658E+02    0.68215E+05    0.67519E+06
    0.53332E+09    0.49568E+02    0.57769E+05    0.83532E+06
    0.29998E+09    0.32284E+02    0.63298E+05    0.11748E+07
    0.99676E+09    0.12076E+02    0.73914E+05    0.17239E+07
    0.20978E+09    0.30000E+03    0.00000E+00    0.00000E+00
    0.17457E+09    0.30000E+03    0.00000E+00    0.00000E+00
    0.48957E+09    0.28845E+03   -0.13997E+06    0.11402E+07
    0.74354E+09    0.28327E+03   -0.43057E+05    0.25831E+06
    0.62557E+09    0.28303E+03   -0.11441E+05    0.18177E+06
    0.63113E+09    0.28188E+03   -0.77416E+04    0.92348E+05
    0.41267E+09    0.28098E+03   -0.73044E+04    0.33259E+05
    0.49584E+08    0.27672E+03   -0.32731E+04    0.19315E+06
    0.41102E+09    0.26622E+03    0.30947E+04    0.26257E+06
    0.14612E+09    0.25061E+03    0.17644E+05    0.33830E+06
    0.55540E+08    0.22976E+03    0.45368E+05    0.48643E+06
    0.74147E+09    0.20339E+03    0.83151E+05    0.47117E+06
    0.98987E+09    0.17963E+03    0.12569E+06    0.36216E+06
    0.68022E+09    0.16343E+03    0.15496E+06    0.20553E+06
    0.76628E+09    0.15198E+03    0.19036E+06    0.18073E+06
    0.70634E+09    0.14221E+03    0.23675E+06    0.13124E+06
    0.00000E+00    0.13517E+03    0.29208E+06    0.11572E+06
    0.75262E+09    0.12745E+03    0.34512E+06    0.30541E+06
    0.80831E+09    0.11574E+03    0.38122E+06    0.51195E+06
    0.33190E+09    0.10078E+03    0.40164E+06    0.68459E+06
    0.78547E+09    0.83084E+02    0.29527E+06    0.89166E+06
    0.13111E+09    0.63908E+02    0.22637E+06    0.10202E+07
    0.91066E+09    0.43121E+02    0.24121E+06    0.14689E+07
    0.86538E+09    0.17486E+02    0.28474E+06    0.23513E+07
    0.21427E+09    0.30000E+03    0.00000E+00    0.00000E+00
    0.17812E+09    0.30000E+03    0.00000E+00    0.00000E+00
    0.40188E+09    0.27554E+03    0.24015E+06    0.25667E+07
    0.11713E+09    0.25957E+03   -0.29917E+05    0.57493E+06
    0.21048E+09    0.25726E+03   -0.15475E+05    0.28237E+06
    0.82183E+09    0.25549E+03   -0.15052E+05    0.11524E+06
    0.74693E+09    0.25369E+03   -0.23052E+05    0.53031E+05
    0.72913E+09    0.24740E+03   -0.31993E+05    0.27625E+06
    0.93185E+09    0.23699E+03   -0.36608E+05    0.26152E+06
    0.71573E+09    0.22538E+03   -0.42495E+05    0.26214E+06
    0.58043E+09    0.21240E+03   -0.45723E+05    0.32534E+06
    0.16174E+09    0.19633E+03   -0.55424E+05    0.25720E+06
    0.19775E+09    0.17998E+03   -0.83898E+05    0.21900E+06
    0.85750E+08    0.16714E+03   -0.10867E+06    0.15408E+06
    0.13410E+08    0.15689E+03   -0.12448E+06    0.16245E+06
    0.33984E+09    0.14635E+03   -0.15783E+06    0.16212E+06
    0.20816E+09    0.13654E+03   -0.20242E+06    0.22134E+06
    0.32993E+09    0.12505E+03   -0.23079E+06    0.46502E+06
    0.12637E+09    0.10966E+03   -0.24815E+06    0.67885E+06
    0.76989E+09    0.91975E+02   -0.27315E+06    0.76782E+06
    0.21083E+09    0.72200E+02   -0.27116E+06    0.87459E+06
    0.52130E+09    0.53496E+02   -0.24157E+06    0.90656E+06
    0.00000E+00    0.35529E+02   -0.24305E+06    0.11865E+07
    0.32765E+09    0.14044E+02   -0.28157E+06    0.19054E+07
