    3.2047510000e-03
    3.7878415160e-03
    4.4540515351e-03
    5.2357733491e-03
    6.1492410957e-03
    7.1971207631e-03
    8.3709361505e-03
    9.6533307853e-03
    1.1020165796e-02
    1.2442453739e-02
    1.3888128390e-02
    1.5323650475e-02
    1.6715449378e-02
    1.8031200787e-02
    1.9240940307e-02
    2.0318013024e-02
    2.1239859026e-02
    2.1988634883e-02
    2.2551671079e-02
    2.2921765399e-02
    2.3097312283e-02
    2.3082268119e-02
    2.2885952506e-02
    2.2522685465e-02
    2.2011260614e-02
    2.1374254289e-02
    2.0637170630e-02
    1.9827422617e-02
    1.8973149066e-02
    1.8101867577e-02
    1.7238963447e-02
    1.6406014525e-02
    1.5618952034e-02
    1.4886057348e-02
    1.4198708685e-02
    1.3519161179e-02
    1.2839857460e-02
    1.2160561360e-02
    1.1481265497e-02
    1.0801969642e-02
    1.0122673786e-02
    9.4433779315e-03
    8.7640820764e-03
    8.0847862214e-03
    7.4054903663e-03
    6.7261945113e-03
    6.0468986562e-03
    5.3676028012e-03
    3.2047510000e-03
    3.7878415160e-03
    4.4540515351e-03
    5.2357733491e-03
    6.1492410957e-03
    7.1971207631e-03
    8.3709361505e-03
    9.6533307853e-03
    1.1020165796e-02
    1.2442453739e-02
    1.3888128390e-02
    1.5323650475e-02
    1.6715449378e-02
    1.8031200787e-02
    1.9240940307e-02
    2.0318013024e-02
    2.1239859026e-02
    2.1988634883e-02
    2.2551671079e-02
    2.2921765399e-02
    2.3097312283e-02
    2.3082268119e-02
    2.2885952506e-02
    2.2522685465e-02
    2.2011260614e-02
    2.1374254289e-02
    2.0637170630e-02
    1.9827422617e-02
    1.8973149066e-02
    1.8101867577e-02
    1.7238963447e-02
    1.6406014525e-02
    1.5618952034e-02
    1.4886057348e-02
    1.4198708685e-02
    1.3519161179e-02
    1.2839857460e-02
    1.2160561360e-02
    1.1481265497e-02
    1.0801969642e-02
    1.0122673786e-02
    9.4433779315e-03
    8.7640820764e-03
    8.0847862214e-03
    7.4054903663e-03
    6.7261945113e-03
    6.0468986562e-03
    5.3676028012e-03
    3.2047510000e-03
    3.7878415160e-03
    4.4540515351e-03
    5.2357733491e-03
    6.1492410957e-03
    7.1971207631e-03
    8.3709361505e-03
    9.6533307853e-03
    1.1020165796e-02
    1.2442453739e-02
    1.3888128390e-02
    1.5323650475e-02
    1.6715449378e-02
    1.8031200787e-02
    1.9240940307e-02
    2.0318013024e-02
    2.1239859026e-02
    2.1988634883e-02
    2.2551671079e-02
    2.2921765399e-02
    2.3097312283e-02
    2.3082268119e-02
    2.2885952506e-02
    2.2522685465e-02
    2.2011260614e-02
    2.1374254289e-02
    2.0637170630e-02
    1.9827422617e-02
    1.8973149066e-02
    1.8101867577e-02
    1.7238963447e-02
    1.6406014525e-02
    1.5618952034e-02
    1.4886057348e-02
    1.4198708685e-02
    1.3519161179e-02
    1.2839857460e-02
    1.2160561360e-02
    1.1481265497e-02
    1.0801969642e-02
    1.0122673786e-02
    9.4433779315e-03
    8.7640820764e-03
    8.0847862214e-03
    7.4054903663e-03
    6.7261945113e-03
    6.0468986562e-03
    5.3676028012e-03
    3.2047510000e-03
    3.7878415160e-03
    4.4540515351e-03
    5.2357733491e-03
    6.1492410957e-03
    7.1971207631e-03
    8.3709361505e-03
    9.6533307853e-03
    1.1020165796e-02
    1.2442453739e-02
    1.3888128390e-02
    1.5323650475e-02
    1.6715449378e-02
    1.8031200787e-02
    1.9240940307e-02
    2.0318013024e-02
    2.1239859026e-02
    2.1988634883e-02
    2.2551671079e-02
    2.2921765399e-02
    2.3097312283e-02
    2.3082268119e-02
    2.2885952506e-02
    2.2522685465e-02
    2.2011260614e-02
    2.1374254289e-02
    2.0637170630e-02
    1.9827422617e-02
    1.8973149066e-02
    1.8101867577e-02
    1.7238963447e-02
    1.6406014525e-02
    1.5618952034e-02
    1.4886057348e-02
    1.4198708685e-02
    1.3519161179e-02
    1.2839857460e-02
    1.2160561360e-02
    1.1481265497e-02
    1.0801969642e-02
    1.0122673786e-02
    9.4433779315e-03
    8.7640820764e-03
    8.0847862214e-03
    7.4054903663e-03
    6.7261945113e-03
    6.0468986562e-03
    5.3676028012e-03
    3.2047510000e-03
    3.7878415160e-03
    4.4540515351e-03
    5.2357733491e-03
    6.1492410957e-03
    7.1971207631e-03
    8.3709361505e-03
    9.6533307853e-03
    1.1020165796e-02
    1.2442453739e-02
    1.3888128390e-02
    1.5323650475e-02
    1.6715449378e-02
    1.8031200787e-02
    1.9240940307e-02
    2.0318013024e-02
    2.1239859026e-02
    2.1988634883e-02
    2.2551671079e-02
    2.2921765399e-02
    2.3097312283e-02
    2.3082268119e-02
    2.2885952506e-02
    2.2522685465e-02
    2.2011260614e-02
    2.1374254289e-02
    2.0637170630e-02
    1.9827422617e-02
    1.8973149066e-02
    1.8101867577e-02
    1.7238963447e-02
    1.6406014525e-02
    1.5618952034e-02
    1.4886057348e-02
    1.4198708685e-02
    1.3519161179e-02
    1.2839857460e-02
    1.2160561360e-02
    1.1481265497e-02
    1.0801969642e-02
    1.0122673786e-02
    9.4433779315e-03
    8.7640820764e-03
    8.0847862214e-03
    7.4054903663e-03
    6.7261945113e-03
    6.0468986562e-03
    5.3676028012e-03
    3.2047510000e-03
    3.7878415160e-03
    4.4540515351e-03
    5.2357733491e-03
    6.1492410957e-03
    7.1971207631e-03
    8.3709361505e-03
    9.6533307853e-03
    1.1020165796e-02
    1.2442453739e-02
    1.3888128390e-02
    1.5323650475e-02
    1.6715449378e-02
    1.8031200787e-02
    1.9240940307e-02
    2.0318013024e-02
    2.1239859026e-02
    2.1988634883e-02
    2.2551671079e-02
    2.2921765399e-02
    2.3097312283e-02
    2.3082268119e-02
    2.2885952506e-02
    2.2522685465e-02
    2.2011260614e-02
    2.1374254289e-02
    2.0637170630e-02
    1.9827422617e-02
    1.8973149066e-02
    1.8101867577e-02
    1.7238963447e-02
    1.6406014525e-02
    1.5618952034e-02
    1.4886057348e-02
    1.4198708685e-02
    1.3519161179e-02
    1.2839857460e-02
    1.2160561360e-02
    1.1481265497e-02
    1.0801969642e-02
    1.0122673786e-02
    9.4433779315e-03
    8.7640820764e-03
    8.0847862214e-03
    7.4054903663e-03
    6.7261945113e-03
    6.0468986562e-03
    5.3676028012e-03
    3.2047510000e-03
    3.7878415160e-03
    4.4540515351e-03
    5.2357733491e-03
    6.1492410957e-03
    7.1971207631e-03
    8.3709361505e-03
    9.6533307853e-03
    1.1020165796e-02
    1.2442453739e-02
    1.3888128390e-02
    1.5323650475e-02
    1.6715449378e-02
    1.8031200787e-02
    1.9240940307e-02
    2.0318013024e-02
    2.1239859026e-02
    2.1988634883e-02
    2.2551671079e-02
    2.2921765399e-02
    2.3097312283e-02
    2.3082268119e-02
    2.2885952506e-02
    2.2522685465e-02
    2.2011260614e-02
    2.1374254289e-02
    2.0637170630e-02
    1.9827422617e-02
    1.8973149066e-02
    1.8101867577e-02
    1.7238963447e-02
    1.6406014525e-02
    1.5618952034e-02
    1.4886057348e-02
    1.4198708685e-02
    1.3519161179e-02
    1.2839857460e-02
    1.2160561360e-02
    1.1481265497e-02
    1.0801969642e-02
    1.0122673786e-02
    9.4433779315e-03
    8.7640820764e-03
    8.0847862214e-03
    7.4054903663e-03
    6.7261945113e-03
    6.0468986562e-03
    5.3676028012e-03
    3.2047510000e-03
    3.7878415160e-03
    4.4540515351e-03
    5.2357733491e-03
    6.1492410957e-03
    7.1971207631e-03
    8.3709361505e-03
    9.6533307853e-03
    1.1020165796e-02
    1.2442453739e-02
    1.3888128390e-02
    1.5323650475e-02
    1.6715449378e-02
    1.8031200787e-02
    1.9240940307e-02
    2.0318013024e-02
    2.1239859026e-02
    2.1988634883e-02
    2.2551671079e-02
    2.2921765399e-02
    2.3097312283e-02
    2.3082268119e-02
    2.2885952506e-02
    2.2522685465e-02
    2.2011260614e-02
    2.1374254289e-02
    2.0637170630e-02
    1.9827422617e-02
    1.8973149066e-02
    1.8101867577e-02
    1.7238963447e-02
    1.6406014525e-02
    1.5618952034e-02
    1.4886057348e-02
    1.4198708685e-02
    1.3519161179e-02
    1.2839857460e-02
    1.2160561360e-02
    1.1481265497e-02
    1.0801969642e-02
    1.0122673786e-02
    9.4433779315e-03
    8.7640820764e-03
    8.0847862214e-03
    7.4054903663e-03
    6.7261945113e-03
    6.0468986562e-03
    5.3676028012e-03
    3.2047510000e-03
    3.7878415160e-03
    4.4540515351e-03
    5.2357733491e-03
    6.1492410957e-03
    7.1971207631e-03
    8.3709361505e-03
    9.6533307853e-03
    1.1020165796e-02
    1.2442453739e-02
    1.3888128390e-02
    1.5323650475e-02
    1.6715449378e-02
    1.8031200787e-02
    1.9240940307e-02
    2.0318013024e-02
    2.1239859026e-02
    2.1988634883e-02
    2.2551671079e-02
    2.2921765399e-02
    2.3097312283e-02
    2.3082268119e-02
    2.2885952506e-02
    2.2522685465e-02
    2.2011260614e-02
    2.1374254289e-02
    2.0637170630e-02
    1.9827422617e-02
    1.8973149066e-02
    1.8101867577e-02
    1.7238963447e-02
    1.6406014525e-02
    1.5618952034e-02
    1.4886057348e-02
    1.4198708685e-02
    1.3519161179e-02
    1.2839857460e-02
    1.2160561360e-02
    1.1481265497e-02
    1.0801969642e-02
    1.0122673786e-02
    9.4433779315e-03
    8.7640820764e-03
    8.0847862214e-03
    7.4054903663e-03
    6.7261945113e-03
    6.0468986562e-03
    5.3676028012e-03
    3.2047510000e-03
    3.7878415160e-03
    4.4540515351e-03
    5.2357733491e-03
    6.1492410957e-03
    7.1971207631e-03
    8.3709361505e-03
    9.6533307853e-03
    1.1020165796e-02
    1.2442453739e-02
    1.3888128390e-02
    1.5323650475e-02
    1.6715449378e-02
    1.8031200787e-02
    1.9240940307e-02
    2.0318013024e-02
    2.1239859026e-02
    2.1988634883e-02
    2.2551671079e-02
    2.2921765399e-02
    2.3097312283e-02
    2.3082268119e-02
    2.2885952506e-02
    2.2522685465e-02
    2.2011260614e-02
    2.1374254289e-02
    2.0637170630e-02
    1.9827422617e-02
    1.8973149066e-02
    1.8101867577e-02
    1.7238963447e-02
    1.6406014525e-02
    1.5618952034e-02
    1.4886057348e-02
    1.4198708685e-02
    1.3519161179e-02
    1.2839857460e-02
    1.2160561360e-02
    1.1481265497e-02
    1.0801969642e-02
    1.0122673786e-02
    9.4433779315e-03
    8.7640820764e-03
    8.0847862214e-03
    7.4054903663e-03
    6.7261945113e-03
    6.0468986562e-03
    5.3676028012e-03
    3.2047510000e-03
    3.7878415160e-03
    4.4540515351e-03
    5.2357733491e-03
    6.1492410957e-03
    7.1971207631e-03
    8.3709361505e-03
    9.6533307853e-03
    1.1020165796e-02
    1.2442453739e-02
    1.3888128390e-02
    1.5323650475e-02
    1.6715449378e-02
    1.8031200787e-02
    1.9240940307e-02
    2.0318013024e-02
    2.1239859026e-02
    2.1988634883e-02
    2.2551671079e-02
    2.2921765399e-02
    2.3097312283e-02
    2.3082268119e-02
    2.2885952506e-02
    2.2522685465e-02
    2.2011260614e-02
    2.1374254289e-02
    2.0637170630e-02
    1.9827422617e-02
    1.8973149066e-02
    1.8101867577e-02
    1.7238963447e-02
    1.6406014525e-02
    1.5618952034e-02
    1.4886057348e-02
    1.4198708685e-02
    1.3519161179e-02
    1.2839857460e-02
    1.2160561360e-02
    1.1481265497e-02
    1.0801969642e-02
    1.0122673786e-02
    9.4433779315e-03
    8.7640820764e-03
    8.0847862214e-03
    7.4054903663e-03
    6.7261945113e-03
    6.0468986562e-03
    5.3676028012e-03
    3.2047510000e-03
    3.7878415160e-03
    4.4540515351e-03
    5.2357733491e-03
    6.1492410957e-03
    7.1971207631e-03
    8.3709361505e-03
    9.6533307853e-03
    1.1020165796e-02
    1.2442453739e-02
    1.3888128390e-02
    1.5323650475e-02
    1.6715449378e-02
    1.8031200787e-02
    1.9240940307e-02
    2.0318013024e-02
    2.1239859026e-02
    2.1988634883e-02
    2.2551671079e-02
    2.2921765399e-02
    2.3097312283e-02
    2.3082268119e-02
    2.2885952506e-02
    2.2522685465e-02
    2.2011260614e-02
    2.1374254289e-02
    2.0637170630e-02
    1.9827422617e-02
    1.8973149066e-02
    1.8101867577e-02
    1.7238963447e-02
    1.6406014525e-02
    1.5618952034e-02
    1.4886057348e-02
    1.4198708685e-02
    1.3519161179e-02
    1.2839857460e-02
    1.2160561360e-02
    1.1481265497e-02
    1.0801969642e-02
    1.0122673786e-02
    9.4433779315e-03
    8.7640820764e-03
    8.0847862214e-03
    7.4054903663e-03
    6.7261945113e-03
    6.0468986562e-03
    5.3676028012e-03
    3.2047510000e-03
    3.7878415160e-03
    4.4540515351e-03
    5.2357733491e-03
    6.1492410957e-03
    7.1971207631e-03
    8.3709361505e-03
    9.6533307853e-03
    1.1020165796e-02
    1.2442453739e-02
    1.3888128390e-02
    1.5323650475e-02
    1.6715449378e-02
    1.8031200787e-02
    1.9240940307e-02
    2.0318013024e-02
    2.1239859026e-02
    2.1988634883e-02
    2.2551671079e-02
    2.2921765399e-02
    2.3097312283e-02
    2.3082268119e-02
    2.2885952506e-02
    2.2522685465e-02
    2.2011260614e-02
    2.1374254289e-02
    2.0637170630e-02
    1.9827422617e-02
    1.8973149066e-02
    1.8101867577e-02
    1.7238963447e-02
    1.6406014525e-02
    1.5618952034e-02
    1.4886057348e-02
    1.4198708685e-02
    1.3519161179e-02
    1.2839857460e-02
    1.2160561360e-02
    1.1481265497e-02
    1.0801969642e-02
    1.0122673786e-02
    9.4433779315e-03
    8.7640820764e-03
    8.0847862214e-03
    7.4054903663e-03
    6.7261945113e-03
    6.0468986562e-03
    5.3676028012e-03
    3.2047510000e-03
    3.7878415160e-03
    4.4540515351e-03
    5.2357733491e-03
    6.1492410957e-03
    7.1971207631e-03
    8.3709361505e-03
    9.6533307853e-03
    1.1020165796e-02
    1.2442453739e-02
    1.3888128390e-02
    1.5323650475e-02
    1.6715449378e-02
    1.8031200787e-02
    1.9240940307e-02
    2.0318013024e-02
    2.1239859026e-02
    2.1988634883e-02
    2.2551671079e-02
    2.2921765399e-02
    2.3097312283e-02
    2.3082268119e-02
    2.2885952506e-02
    2.2522685465e-02
    2.2011260614e-02
    2.1374254289e-02
    2.0637170630e-02
    1.9827422617e-02
    1.8973149066e-02
    1.8101867577e-02
    1.7238963447e-02
    1.6406014525e-02
    1.5618952034e-02
    1.4886057348e-02
    1.4198708685e-02
    1.3519161179e-02
    1.2839857460e-02
    1.2160561360e-02
    1.1481265497e-02
    1.0801969642e-02
    1.0122673786e-02
    9.4433779315e-03
    8.7640820764e-03
    8.0847862214e-03
    7.4054903663e-03
    6.7261945113e-03
    6.0468986562e-03
    5.3676028012e-03
    3.2047510000e-03
    3.7878415160e-03
    4.4540515351e-03
    5.2357733491e-03
    6.1492410957e-03
    7.1971207631e-03
    8.3709361505e-03
    9.6533307853e-03
    1.1020165796e-02
    1.2442453739e-02
    1.3888128390e-02
    1.5323650475e-02
    1.6715449378e-02
    1.8031200787e-02
    1.9240940307e-02
    2.0318013024e-02
    2.1239859026e-02
    2.1988634883e-02
    2.2551671079e-02
    2.2921765399e-02
    2.3097312283e-02
    2.3082268119e-02
    2.2885952506e-02
    2.2522685465e-02
    2.2011260614e-02
    2.1374254289e-02
    2.0637170630e-02
    1.9827422617e-02
    1.8973149066e-02
    1.8101867577e-02
    1.7238963447e-02
    1.6406014525e-02
    1.5618952034e-02
    1.4886057348e-02
    1.4198708685e-02
    1.3519161179e-02
    1.2839857460e-02
    1.2160561360e-02
    1.1481265497e-02
    1.0801969642e-02
    1.0122673786e-02
    9.4433779315e-03
    8.7640820764e-03
    8.0847862214e-03
    7.4054903663e-03
    6.7261945113e-03
    6.0468986562e-03
    5.3676028012e-03
    3.2047510000e-03
    3.7878415160e-03
    4.4540515351e-03
    5.2357733491e-03
    6.1492410957e-03
    7.1971207631e-03
    8.3709361505e-03
    9.6533307853e-03
    1.1020165796e-02
    1.2442453739e-02
    1.3888128390e-02
    1.5323650475e-02
    1.6715449378e-02
    1.8031200787e-02
    1.9240940307e-02
    2.0318013024e-02
    2.1239859026e-02
    2.1988634883e-02
    2.2551671079e-02
    2.2921765399e-02
    2.3097312283e-02
    2.3082268119e-02
    2.2885952506e-02
    2.2522685465e-02
    2.2011260614e-02
    2.1374254289e-02
    2.0637170630e-02
    1.9827422617e-02
    1.8973149066e-02
    1.8101867577e-02
    1.7238963447e-02
    1.6406014525e-02
    1.5618952034e-02
    1.4886057348e-02
    1.4198708685e-02
    1.3519161179e-02
    1.2839857460e-02
    1.2160561360e-02
    1.1481265497e-02
    1.0801969642e-02
    1.0122673786e-02
    9.4433779315e-03
    8.7640820764e-03
    8.0847862214e-03
    7.4054903663e-03
    6.7261945113e-03
    6.0468986562e-03
    5.3676028012e-03
    3.2047510000e-03
    3.7878415160e-03
    4.4540515351e-03
    5.2357733491e-03
    6.1492410957e-03
    7.1971207631e-03
    8.3709361505e-03
    9.6533307853e-03
    1.1020165796e-02
    1.2442453739e-02
    1.3888128390e-02
    1.5323650475e-02
    1.6715449378e-02
    1.8031200787e-02
    1.9240940307e-02
    2.0318013024e-02
    2.1239859026e-02
    2.1988634883e-02
    2.2551671079e-02
    2.2921765399e-02
    2.3097312283e-02
    2.3082268119e-02
    2.2885952506e-02
    2.2522685465e-02
    2.2011260614e-02
    2.1374254289e-02
    2.0637170630e-02
    1.9827422617e-02
    1.8973149066e-02
    1.8101867577e-02
    1.7238963447e-02
    1.6406014525e-02
    1.5618952034e-02
    1.4886057348e-02
    1.4198708685e-02
    1.3519161179e-02
    1.2839857460e-02
    1.2160561360e-02
    1.1481265497e-02
    1.0801969642e-02
    1.0122673786e-02
    9.4433779315e-03
    8.7640820764e-03
    8.0847862214e-03
    7.4054903663e-03
    6.7261945113e-03
    6.0468986562e-03
    5.3676028012e-03
    3.2047510000e-03
    3.7878415160e-03
    4.4540515351e-03
    5.2357733491e-03
    6.1492410957e-03
    7.1971207631e-03
    8.3709361505e-03
    9.6533307853e-03
    1.1020165796e-02
    1.2442453739e-02
    1.3888128390e-02
    1.5323650475e-02
    1.6715449378e-02
    1.8031200787e-02
    1.9240940307e-02
    2.0318013024e-02
    2.1239859026e-02
    2.1988634883e-02
    2.2551671079e-02
    2.2921765399e-02
    2.3097312283e-02
    2.3082268119e-02
    2.2885952506e-02
    2.2522685465e-02
    2.2011260614e-02
    2.1374254289e-02
    2.0637170630e-02
    1.9827422617e-02
    1.8973149066e-02
    1.8101867577e-02
    1.7238963447e-02
    1.6406014525e-02
    1.5618952034e-02
    1.4886057348e-02
    1.4198708685e-02
    1.3519161179e-02
    1.2839857460e-02
    1.2160561360e-02
    1.1481265497e-02
    1.0801969642e-02
    1.0122673786e-02
    9.4433779315e-03
    8.7640820764e-03
    8.0847862214e-03
    7.4054903663e-03
    6.7261945113e-03
    6.0468986562e-03
    5.3676028012e-03
    3.2047510000e-03
    3.7878415160e-03
    4.4540515351e-03
    5.2357733491e-03
    6.1492410957e-03
    7.1971207631e-03
    8.3709361505e-03
    9.6533307853e-03
    1.1020165796e-02
    1.2442453739e-02
    1.3888128390e-02
    1.5323650475e-02
    1.6715449378e-02
    1.8031200787e-02
    1.9240940307e-02
    2.0318013024e-02
    2.1239859026e-02
    2.1988634883e-02
    2.2551671079e-02
    2.2921765399e-02
    2.3097312283e-02
    2.3082268119e-02
    2.2885952506e-02
    2.2522685465e-02
    2.2011260614e-02
    2.1374254289e-02
    2.0637170630e-02
    1.9827422617e-02
    1.8973149066e-02
    1.8101867577e-02
    1.7238963447e-02
    1.6406014525e-02
    1.5618952034e-02
    1.4886057348e-02
    1.4198708685e-02
    1.3519161179e-02
    1.2839857460e-02
    1.2160561360e-02
    1.1481265497e-02
    1.0801969642e-02
    1.0122673786e-02
    9.4433779315e-03
    8.7640820764e-03
    8.0847862214e-03
    7.4054903663e-03
    6.7261945113e-03
    6.0468986562e-03
    5.3676028012e-03
    3.2047510000e-03
    3.7878415160e-03
    4.4540515351e-03
    5.2357733491e-03
    6.1492410957e-03
    7.1971207631e-03
    8.3709361505e-03
    9.6533307853e-03
    1.1020165796e-02
    1.2442453739e-02
    1.3888128390e-02
    1.5323650475e-02
    1.6715449378e-02
    1.8031200787e-02
    1.9240940307e-02
    2.0318013024e-02
    2.1239859026e-02
    2.1988634883e-02
    2.2551671079e-02
    2.2921765399e-02
    2.3097312283e-02
    2.3082268119e-02
    2.2885952506e-02
    2.2522685465e-02
    2.2011260614e-02
    2.1374254289e-02
    2.0637170630e-02
    1.9827422617e-02
    1.8973149066e-02
    1.8101867577e-02
    1.7238963447e-02
    1.6406014525e-02
    1.5618952034e-02
    1.4886057348e-02
    1.4198708685e-02
    1.3519161179e-02
    1.2839857460e-02
    1.2160561360e-02
    1.1481265497e-02
    1.0801969642e-02
    1.0122673786e-02
    9.4433779315e-03
    8.7640820764e-03
    8.0847862214e-03
    7.4054903663e-03
    6.7261945113e-03
    6.0468986562e-03
    5.3676028012e-03
    3.2047510000e-03
    3.7878415160e-03
    4.4540515351e-03
    5.2357733491e-03
    6.1492410957e-03
    7.1971207631e-03
    8.3709361505e-03
    9.6533307853e-03
    1.1020165796e-02
    1.2442453739e-02
    1.3888128390e-02
    1.5323650475e-02
    1.6715449378e-02
    1.8031200787e-02
    1.9240940307e-02
    2.0318013024e-02
    2.1239859026e-02
    2.1988634883e-02
    2.2551671079e-02
    2.2921765399e-02
    2.3097312283e-02
    2.3082268119e-02
    2.2885952506e-02
    2.2522685465e-02
    2.2011260614e-02
    2.1374254289e-02
    2.0637170630e-02
    1.9827422617e-02
    1.8973149066e-02
    1.8101867577e-02
    1.7238963447e-02
    1.6406014525e-02
    1.5618952034e-02
    1.4886057348e-02
    1.4198708685e-02
    1.3519161179e-02
    1.2839857460e-02
    1.2160561360e-02
    1.1481265497e-02
    1.0801969642e-02
    1.0122673786e-02
    9.4433779315e-03
    8.7640820764e-03
    8.0847862214e-03
    7.4054903663e-03
    6.7261945113e-03
    6.0468986562e-03
    5.3676028012e-03
    3.2047510000e-03
    3.7878415160e-03
    4.4540515351e-03
    5.2357733491e-03
    6.1492410957e-03
    7.1971207631e-03
    8.3709361505e-03
    9.6533307853e-03
    1.1020165796e-02
    1.2442453739e-02
    1.3888128390e-02
    1.5323650475e-02
    1.6715449378e-02
    1.8031200787e-02
    1.9240940307e-02
    2.0318013024e-02
    2.1239859026e-02
    2.1988634883e-02
    2.2551671079e-02
    2.2921765399e-02
    2.3097312283e-02
    2.3082268119e-02
    2.2885952506e-02
    2.2522685465e-02
    2.2011260614e-02
    2.1374254289e-02
    2.0637170630e-02
    1.9827422617e-02
    1.8973149066e-02
    1.8101867577e-02
    1.7238963447e-02
    1.6406014525e-02
    1.5618952034e-02
    1.4886057348e-02
    1.4198708685e-02
    1.3519161179e-02
    1.2839857460e-02
    1.2160561360e-02
    1.1481265497e-02
    1.0801969642e-02
    1.0122673786e-02
    9.4433779315e-03
    8.7640820764e-03
    8.0847862214e-03
    7.4054903663e-03
    6.7261945113e-03
    6.0468986562e-03
    5.3676028012e-03
    3.2047510000e-03
    3.7878415160e-03
    4.4540515351e-03
    5.2357733491e-03
    6.1492410957e-03
    7.1971207631e-03
    8.3709361505e-03
    9.6533307853e-03
    1.1020165796e-02
    1.2442453739e-02
    1.3888128390e-02
    1.5323650475e-02
    1.6715449378e-02
    1.8031200787e-02
    1.9240940307e-02
    2.0318013024e-02
    2.1239859026e-02
    2.1988634883e-02
    2.2551671079e-02
    2.2921765399e-02
    2.3097312283e-02
    2.3082268119e-02
    2.2885952506e-02
    2.2522685465e-02
    2.2011260614e-02
    2.1374254289e-02
    2.0637170630e-02
    1.9827422617e-02
    1.8973149066e-02
    1.8101867577e-02
    1.7238963447e-02
    1.6406014525e-02
    1.5618952034e-02
    1.4886057348e-02
    1.4198708685e-02
    1.3519161179e-02
    1.2839857460e-02
    1.2160561360e-02
    1.1481265497e-02
    1.0801969642e-02
    1.0122673786e-02
    9.4433779315e-03
    8.7640820764e-03
    8.0847862214e-03
    7.4054903663e-03
    6.7261945113e-03
    6.0468986562e-03
    5.3676028012e-03
    3.2047510000e-03
    3.7878415160e-03
    4.4540515351e-03
    5.2357733491e-03
    6.1492410957e-03
    7.1971207631e-03
    8.3709361505e-03
    9.6533307853e-03
    1.1020165796e-02
    1.2442453739e-02
    1.3888128390e-02
    1.5323650475e-02
    1.6715449378e-02
    1.8031200787e-02
    1.9240940307e-02
    2.0318013024e-02
    2.1239859026e-02
    2.1988634883e-02
    2.2551671079e-02
    2.2921765399e-02
    2.3097312283e-02
    2.3082268119e-02
    2.2885952506e-02
    2.2522685465e-02
    2.2011260614e-02
    2.1374254289e-02
    2.0637170630e-02
    1.9827422617e-02
    1.8973149066e-02
    1.8101867577e-02
    1.7238963447e-02
    1.6406014525e-02
    1.5618952034e-02
    1.4886057348e-02
    1.4198708685e-02
    1.3519161179e-02
    1.2839857460e-02
    1.2160561360e-02
    1.1481265497e-02
    1.0801969642e-02
    1.0122673786e-02
    9.4433779315e-03
    8.7640820764e-03
    8.0847862214e-03
    7.4054903663e-03
    6.7261945113e-03
    6.0468986562e-03
    5.3676028012e-03
    3.2047510000e-03
    3.7878415160e-03
    4.4540515351e-03
    5.2357733491e-03
    6.1492410957e-03
    7.1971207631e-03
    8.3709361505e-03
    9.6533307853e-03
    1.1020165796e-02
    1.2442453739e-02
    1.3888128390e-02
    1.5323650475e-02
    1.6715449378e-02
    1.8031200787e-02
    1.9240940307e-02
    2.0318013024e-02
    2.1239859026e-02
    2.1988634883e-02
    2.2551671079e-02
    2.2921765399e-02
    2.3097312283e-02
    2.3082268119e-02
    2.2885952506e-02
    2.2522685465e-02
    2.2011260614e-02
    2.1374254289e-02
    2.0637170630e-02
    1.9827422617e-02
    1.8973149066e-02
    1.8101867577e-02
    1.7238963447e-02
    1.6406014525e-02
    1.5618952034e-02
    1.4886057348e-02
    1.4198708685e-02
    1.3519161179e-02
    1.2839857460e-02
    1.2160561360e-02
    1.1481265497e-02
    1.0801969642e-02
    1.0122673786e-02
    9.4433779315e-03
    8.7640820764e-03
    8.0847862214e-03
    7.4054903663e-03
    6.7261945113e-03
    6.0468986562e-03
    5.3676028012e-03
    3.2047510000e-03
    3.7878415160e-03
    4.4540515351e-03
    5.2357733491e-03
    6.1492410957e-03
    7.1971207631e-03
    8.3709361505e-03
    9.6533307853e-03
    1.1020165796e-02
    1.2442453739e-02
    1.3888128390e-02
    1.5323650475e-02
    1.6715449378e-02
    1.8031200787e-02
    1.9240940307e-02
    2.0318013024e-02
    2.1239859026e-02
    2.1988634883e-02
    2.2551671079e-02
    2.2921765399e-02
    2.3097312283e-02
    2.3082268119e-02
    2.2885952506e-02
    2.2522685465e-02
    2.2011260614e-02
    2.1374254289e-02
    2.0637170630e-02
    1.9827422617e-02
    1.8973149066e-02
    1.8101867577e-02
    1.7238963447e-02
    1.6406014525e-02
    1.5618952034e-02
    1.4886057348e-02
    1.4198708685e-02
    1.3519161179e-02
    1.2839857460e-02
    1.2160561360e-02
    1.1481265497e-02
    1.0801969642e-02
    1.0122673786e-02
    9.4433779315e-03
    8.7640820764e-03
    8.0847862214e-03
    7.4054903663e-03
    6.7261945113e-03
    6.0468986562e-03
    5.3676028012e-03
    3.2047510000e-03
    3.7878415160e-03
    4.4540515351e-03
    5.2357733491e-03
    6.1492410957e-03
    7.1971207631e-03
    8.3709361505e-03
    9.6533307853e-03
    1.1020165796e-02
    1.2442453739e-02
    1.3888128390e-02
    1.5323650475e-02
    1.6715449378e-02
    1.8031200787e-02
    1.9240940307e-02
    2.0318013024e-02
    2.1239859026e-02
    2.1988634883e-02
    2.2551671079e-02
    2.2921765399e-02
    2.3097312283e-02
    2.3082268119e-02
    2.2885952506e-02
    2.2522685465e-02
    2.2011260614e-02
    2.1374254289e-02
    2.0637170630e-02
    1.9827422617e-02
    1.8973149066e-02
    1.8101867577e-02
    1.7238963447e-02
    1.6406014525e-02
    1.5618952034e-02
    1.4886057348e-02
    1.4198708685e-02
    1.3519161179e-02
    1.2839857460e-02
    1.2160561360e-02
    1.1481265497e-02
    1.0801969642e-02
    1.0122673786e-02
    9.4433779315e-03
    8.7640820764e-03
    8.0847862214e-03
    7.4054903663e-03
    6.7261945113e-03
    6.0468986562e-03
    5.3676028012e-03
    3.2047510000e-03
    3.7878415160e-03
    4.4540515351e-03
    5.2357733491e-03
    6.1492410957e-03
    7.1971207631e-03
    8.3709361505e-03
    9.6533307853e-03
    1.1020165796e-02
    1.2442453739e-02
    1.3888128390e-02
    1.5323650475e-02
    1.6715449378e-02
    1.8031200787e-02
    1.9240940307e-02
    2.0318013024e-02
    2.1239859026e-02
    2.1988634883e-02
    2.2551671079e-02
    2.2921765399e-02
    2.3097312283e-02
    2.3082268119e-02
    2.2885952506e-02
    2.2522685465e-02
    2.2011260614e-02
    2.1374254289e-02
    2.0637170630e-02
    1.9827422617e-02
    1.8973149066e-02
    1.8101867577e-02
    1.7238963447e-02
    1.6406014525e-02
    1.5618952034e-02
    1.4886057348e-02
    1.4198708685e-02
    1.3519161179e-02
    1.2839857460e-02
    1.2160561360e-02
    1.1481265497e-02
    1.0801969642e-02
    1.0122673786e-02
    9.4433779315e-03
    8.7640820764e-03
    8.0847862214e-03
    7.4054903663e-03
    6.7261945113e-03
    6.0468986562e-03
    5.3676028012e-03
    3.2047510000e-03
    3.7878415160e-03
    4.4540515351e-03
    5.2357733491e-03
    6.1492410957e-03
    7.1971207631e-03
    8.3709361505e-03
    9.6533307853e-03
    1.1020165796e-02
    1.2442453739e-02
    1.3888128390e-02
    1.5323650475e-02
    1.6715449378e-02
    1.8031200787e-02
    1.9240940307e-02
    2.0318013024e-02
    2.1239859026e-02
    2.1988634883e-02
    2.2551671079e-02
    2.2921765399e-02
    2.3097312283e-02
    2.3082268119e-02
    2.2885952506e-02
    2.2522685465e-02
    2.2011260614e-02
    2.1374254289e-02
    2.0637170630e-02
    1.9827422617e-02
    1.8973149066e-02
    1.8101867577e-02
    1.7238963447e-02
    1.6406014525e-02
    1.5618952034e-02
    1.4886057348e-02
    1.4198708685e-02
    1.3519161179e-02
    1.2839857460e-02
    1.2160561360e-02
    1.1481265497e-02
    1.0801969642e-02
    1.0122673786e-02
    9.4433779315e-03
    8.7640820764e-03
    8.0847862214e-03
    7.4054903663e-03
    6.7261945113e-03
    6.0468986562e-03
    5.3676028012e-03
    3.2047510000e-03
    3.7878415160e-03
    4.4540515351e-03
    5.2357733491e-03
    6.1492410957e-03
    7.1971207631e-03
    8.3709361505e-03
    9.6533307853e-03
    1.1020165796e-02
    1.2442453739e-02
    1.3888128390e-02
    1.5323650475e-02
    1.6715449378e-02
    1.8031200787e-02
    1.9240940307e-02
    2.0318013024e-02
    2.1239859026e-02
    2.1988634883e-02
    2.2551671079e-02
    2.2921765399e-02
    2.3097312283e-02
    2.3082268119e-02
    2.2885952506e-02
    2.2522685465e-02
    2.2011260614e-02
    2.1374254289e-02
    2.0637170630e-02
    1.9827422617e-02
    1.8973149066e-02
    1.8101867577e-02
    1.7238963447e-02
    1.6406014525e-02
    1.5618952034e-02
    1.4886057348e-02
    1.4198708685e-02
    1.3519161179e-02
    1.2839857460e-02
    1.2160561360e-02
    1.1481265497e-02
    1.0801969642e-02
    1.0122673786e-02
    9.4433779315e-03
    8.7640820764e-03
    8.0847862214e-03
    7.4054903663e-03
    6.7261945113e-03
    6.0468986562e-03
    5.3676028012e-03
    3.2047510000e-03
    3.7878415160e-03
    4.4540515351e-03
    5.2357733491e-03
    6.1492410957e-03
    7.1971207631e-03
    8.3709361505e-03
    9.6533307853e-03
    1.1020165796e-02
    1.2442453739e-02
    1.3888128390e-02
    1.5323650475e-02
    1.6715449378e-02
    1.8031200787e-02
    1.9240940307e-02
    2.0318013024e-02
    2.1239859026e-02
    2.1988634883e-02
    2.2551671079e-02
    2.2921765399e-02
    2.3097312283e-02
    2.3082268119e-02
    2.2885952506e-02
    2.2522685465e-02
    2.2011260614e-02
    2.1374254289e-02
    2.0637170630e-02
    1.9827422617e-02
    1.8973149066e-02
    1.8101867577e-02
    1.7238963447e-02
    1.6406014525e-02
    1.5618952034e-02
    1.4886057348e-02
    1.4198708685e-02
    1.3519161179e-02
    1.2839857460e-02
    1.2160561360e-02
    1.1481265497e-02
    1.0801969642e-02
    1.0122673786e-02
    9.4433779315e-03
    8.7640820764e-03
    8.0847862214e-03
    7.4054903663e-03
    6.7261945113e-03
    6.0468986562e-03
    5.3676028012e-03
    3.2047510000e-03
    3.7878415160e-03
    4.4540515351e-03
    5.2357733491e-03
    6.1492410957e-03
    7.1971207631e-03
    8.3709361505e-03
    9.6533307853e-03
    1.1020165796e-02
    1.2442453739e-02
    1.3888128390e-02
    1.5323650475e-02
    1.6715449378e-02
    1.8031200787e-02
    1.9240940307e-02
    2.0318013024e-02
    2.1239859026e-02
    2.1988634883e-02
    2.2551671079e-02
    2.2921765399e-02
    2.3097312283e-02
    2.3082268119e-02
    2.2885952506e-02
    2.2522685465e-02
    2.2011260614e-02
    2.1374254289e-02
    2.0637170630e-02
    1.9827422617e-02
    1.8973149066e-02
    1.8101867577e-02
    1.7238963447e-02
    1.6406014525e-02
    1.5618952034e-02
    1.4886057348e-02
    1.4198708685e-02
    1.3519161179e-02
    1.2839857460e-02
    1.2160561360e-02
    1.1481265497e-02
    1.0801969642e-02
    1.0122673786e-02
    9.4433779315e-03
    8.7640820764e-03
    8.0847862214e-03
    7.4054903663e-03
    6.7261945113e-03
    6.0468986562e-03
    5.3676028012e-03
    3.2047510000e-03
    3.7878415160e-03
    4.4540515351e-03
    5.2357733491e-03
    6.1492410957e-03
    7.1971207631e-03
    8.3709361505e-03
    9.6533307853e-03
    1.1020165796e-02
    1.2442453739e-02
    1.3888128390e-02
    1.5323650475e-02
    1.6715449378e-02
    1.8031200787e-02
    1.9240940307e-02
    2.0318013024e-02
    2.1239859026e-02
    2.1988634883e-02
    2.2551671079e-02
    2.2921765399e-02
    2.3097312283e-02
    2.3082268119e-02
    2.2885952506e-02
    2.2522685465e-02
    2.2011260614e-02
    2.1374254289e-02
    2.0637170630e-02
    1.9827422617e-02
    1.8973149066e-02
    1.8101867577e-02
    1.7238963447e-02
    1.6406014525e-02
    1.5618952034e-02
    1.4886057348e-02
    1.4198708685e-02
    1.3519161179e-02
    1.2839857460e-02
    1.2160561360e-02
    1.1481265497e-02
    1.0801969642e-02
    1.0122673786e-02
    9.4433779315e-03
    8.7640820764e-03
    8.0847862214e-03
    7.4054903663e-03
    6.7261945113e-03
    6.0468986562e-03
    5.3676028012e-03
    3.2047510000e-03
    3.7878415160e-03
    4.4540515351e-03
    5.2357733491e-03
    6.1492410957e-03
    7.1971207631e-03
    8.3709361505e-03
    9.6533307853e-03
    1.1020165796e-02
    1.2442453739e-02
    1.3888128390e-02
    1.5323650475e-02
    1.6715449378e-02
    1.8031200787e-02
    1.9240940307e-02
    2.0318013024e-02
    2.1239859026e-02
    2.1988634883e-02
    2.2551671079e-02
    2.2921765399e-02
    2.3097312283e-02
    2.3082268119e-02
    2.2885952506e-02
    2.2522685465e-02
    2.2011260614e-02
    2.1374254289e-02
    2.0637170630e-02
    1.9827422617e-02
    1.8973149066e-02
    1.8101867577e-02
    1.7238963447e-02
    1.6406014525e-02
    1.5618952034e-02
    1.4886057348e-02
    1.4198708685e-02
    1.3519161179e-02
    1.2839857460e-02
    1.2160561360e-02
    1.1481265497e-02
    1.0801969642e-02
    1.0122673786e-02
    9.4433779315e-03
    8.7640820764e-03
    8.0847862214e-03
    7.4054903663e-03
    6.7261945113e-03
    6.0468986562e-03
    5.3676028012e-03
    3.2047510000e-03
    3.7878415160e-03
    4.4540515351e-03
    5.2357733491e-03
    6.1492410957e-03
    7.1971207631e-03
    8.3709361505e-03
    9.6533307853e-03
    1.1020165796e-02
    1.2442453739e-02
    1.3888128390e-02
    1.5323650475e-02
    1.6715449378e-02
    1.8031200787e-02
    1.9240940307e-02
    2.0318013024e-02
    2.1239859026e-02
    2.1988634883e-02
    2.2551671079e-02
    2.2921765399e-02
    2.3097312283e-02
    2.3082268119e-02
    2.2885952506e-02
    2.2522685465e-02
    2.2011260614e-02
    2.1374254289e-02
    2.0637170630e-02
    1.9827422617e-02
    1.8973149066e-02
    1.8101867577e-02
    1.7238963447e-02
    1.6406014525e-02
    1.5618952034e-02
    1.4886057348e-02
    1.4198708685e-02
    1.3519161179e-02
    1.2839857460e-02
    1.2160561360e-02
    1.1481265497e-02
    1.0801969642e-02
    1.0122673786e-02
    9.4433779315e-03
    8.7640820764e-03
    8.0847862214e-03
    7.4054903663e-03
    6.7261945113e-03
    6.0468986562e-03
    5.3676028012e-03
    3.2047510000e-03
    3.7878415160e-03
    4.4540515351e-03
    5.2357733491e-03
    6.1492410957e-03
    7.1971207631e-03
    8.3709361505e-03
    9.6533307853e-03
    1.1020165796e-02
    1.2442453739e-02
    1.3888128390e-02
    1.5323650475e-02
    1.6715449378e-02
    1.8031200787e-02
    1.9240940307e-02
    2.0318013024e-02
    2.1239859026e-02
    2.1988634883e-02
    2.2551671079e-02
    2.2921765399e-02
    2.3097312283e-02
    2.3082268119e-02
    2.2885952506e-02
    2.2522685465e-02
    2.2011260614e-02
    2.1374254289e-02
    2.0637170630e-02
    1.9827422617e-02
    1.8973149066e-02
    1.8101867577e-02
    1.7238963447e-02
    1.6406014525e-02
    1.5618952034e-02
    1.4886057348e-02
    1.4198708685e-02
    1.3519161179e-02
    1.2839857460e-02
    1.2160561360e-02
    1.1481265497e-02
    1.0801969642e-02
    1.0122673786e-02
    9.4433779315e-03
    8.7640820764e-03
    8.0847862214e-03
    7.4054903663e-03
    6.7261945113e-03
    6.0468986562e-03
    5.3676028012e-03
    3.2047510000e-03
    3.7878415160e-03
    4.4540515351e-03
    5.2357733491e-03
    6.1492410957e-03
    7.1971207631e-03
    8.3709361505e-03
    9.6533307853e-03
    1.1020165796e-02
    1.2442453739e-02
    1.3888128390e-02
    1.5323650475e-02
    1.6715449378e-02
    1.8031200787e-02
    1.9240940307e-02
    2.0318013024e-02
    2.1239859026e-02
    2.1988634883e-02
    2.2551671079e-02
    2.2921765399e-02
    2.3097312283e-02
    2.3082268119e-02
    2.2885952506e-02
    2.2522685465e-02
    2.2011260614e-02
    2.1374254289e-02
    2.0637170630e-02
    1.9827422617e-02
    1.8973149066e-02
    1.8101867577e-02
    1.7238963447e-02
    1.6406014525e-02
    1.5618952034e-02
    1.4886057348e-02
    1.4198708685e-02
    1.3519161179e-02
    1.2839857460e-02
    1.2160561360e-02
    1.1481265497e-02
    1.0801969642e-02
    1.0122673786e-02
    9.4433779315e-03
    8.7640820764e-03
    8.0847862214e-03
    7.4054903663e-03
    6.7261945113e-03
    6.0468986562e-03
    5.3676028012e-03
    3.2047510000e-03
    3.7878415160e-03
    4.4540515351e-03
    5.2357733491e-03
    6.1492410957e-03
    7.1971207631e-03
    8.3709361505e-03
    9.6533307853e-03
    1.1020165796e-02
    1.2442453739e-02
    1.3888128390e-02
    1.5323650475e-02
    1.6715449378e-02
    1.8031200787e-02
    1.9240940307e-02
    2.0318013024e-02
    2.1239859026e-02
    2.1988634883e-02
    2.2551671079e-02
    2.2921765399e-02
    2.3097312283e-02
    2.3082268119e-02
    2.2885952506e-02
    2.2522685465e-02
    2.2011260614e-02
    2.1374254289e-02
    2.0637170630e-02
    1.9827422617e-02
    1.8973149066e-02
    1.8101867577e-02
    1.7238963447e-02
    1.6406014525e-02
    1.5618952034e-02
    1.4886057348e-02
    1.4198708685e-02
    1.3519161179e-02
    1.2839857460e-02
    1.2160561360e-02
    1.1481265497e-02
    1.0801969642e-02
    1.0122673786e-02
    9.4433779315e-03
    8.7640820764e-03
    8.0847862214e-03
    7.4054903663e-03
    6.7261945113e-03
    6.0468986562e-03
    5.3676028012e-03
    3.2047510000e-03
    3.7878415160e-03
    4.4540515351e-03
    5.2357733491e-03
    6.1492410957e-03
    7.1971207631e-03
    8.3709361505e-03
    9.6533307853e-03
    1.1020165796e-02
    1.2442453739e-02
    1.3888128390e-02
    1.5323650475e-02
    1.6715449378e-02
    1.8031200787e-02
    1.9240940307e-02
    2.0318013024e-02
    2.1239859026e-02
    2.1988634883e-02
    2.2551671079e-02
    2.2921765399e-02
    2.3097312283e-02
    2.3082268119e-02
    2.2885952506e-02
    2.2522685465e-02
    2.2011260614e-02
    2.1374254289e-02
    2.0637170630e-02
    1.9827422617e-02
    1.8973149066e-02
    1.8101867577e-02
    1.7238963447e-02
    1.6406014525e-02
    1.5618952034e-02
    1.4886057348e-02
    1.4198708685e-02
    1.3519161179e-02
    1.2839857460e-02
    1.2160561360e-02
    1.1481265497e-02
    1.0801969642e-02
    1.0122673786e-02
    9.4433779315e-03
    8.7640820764e-03
    8.0847862214e-03
    7.4054903663e-03
    6.7261945113e-03
    6.0468986562e-03
    5.3676028012e-03
    3.2047510000e-03
    3.7878415160e-03
    4.4540515351e-03
    5.2357733491e-03
    6.1492410957e-03
    7.1971207631e-03
    8.3709361505e-03
    9.6533307853e-03
    1.1020165796e-02
    1.2442453739e-02
    1.3888128390e-02
    1.5323650475e-02
    1.6715449378e-02
    1.8031200787e-02
    1.9240940307e-02
    2.0318013024e-02
    2.1239859026e-02
    2.1988634883e-02
    2.2551671079e-02
    2.2921765399e-02
    2.3097312283e-02
    2.3082268119e-02
    2.2885952506e-02
    2.2522685465e-02
    2.2011260614e-02
    2.1374254289e-02
    2.0637170630e-02
    1.9827422617e-02
    1.8973149066e-02
    1.8101867577e-02
    1.7238963447e-02
    1.6406014525e-02
    1.5618952034e-02
    1.4886057348e-02
    1.4198708685e-02
    1.3519161179e-02
    1.2839857460e-02
    1.2160561360e-02
    1.1481265497e-02
    1.0801969642e-02
    1.0122673786e-02
    9.4433779315e-03
    8.7640820764e-03
    8.0847862214e-03
    7.4054903663e-03
    6.7261945113e-03
    6.0468986562e-03
    5.3676028012e-03
    3.2047510000e-03
    3.7878415160e-03
    4.4540515351e-03
    5.2357733491e-03
    6.1492410957e-03
    7.1971207631e-03
    8.3709361505e-03
    9.6533307853e-03
    1.1020165796e-02
    1.2442453739e-02
    1.3888128390e-02
    1.5323650475e-02
    1.6715449378e-02
    1.8031200787e-02
    1.9240940307e-02
    2.0318013024e-02
    2.1239859026e-02
    2.1988634883e-02
    2.2551671079e-02
    2.2921765399e-02
    2.3097312283e-02
    2.3082268119e-02
    2.2885952506e-02
    2.2522685465e-02
    2.2011260614e-02
    2.1374254289e-02
    2.0637170630e-02
    1.9827422617e-02
    1.8973149066e-02
    1.8101867577e-02
    1.7238963447e-02
    1.6406014525e-02
    1.5618952034e-02
    1.4886057348e-02
    1.4198708685e-02
    1.3519161179e-02
    1.2839857460e-02
    1.2160561360e-02
    1.1481265497e-02
    1.0801969642e-02
    1.0122673786e-02
    9.4433779315e-03
    8.7640820764e-03
    8.0847862214e-03
    7.4054903663e-03
    6.7261945113e-03
    6.0468986562e-03
    5.3676028012e-03
    3.2047510000e-03
    3.7878415160e-03
    4.4540515351e-03
    5.2357733491e-03
    6.1492410957e-03
    7.1971207631e-03
    8.3709361505e-03
    9.6533307853e-03
    1.1020165796e-02
    1.2442453739e-02
    1.3888128390e-02
    1.5323650475e-02
    1.6715449378e-02
    1.8031200787e-02
    1.9240940307e-02
    2.0318013024e-02
    2.1239859026e-02
    2.1988634883e-02
    2.2551671079e-02
    2.2921765399e-02
    2.3097312283e-02
    2.3082268119e-02
    2.2885952506e-02
    2.2522685465e-02
    2.2011260614e-02
    2.1374254289e-02
    2.0637170630e-02
    1.9827422617e-02
    1.8973149066e-02
    1.8101867577e-02
    1.7238963447e-02
    1.6406014525e-02
    1.5618952034e-02
    1.4886057348e-02
    1.4198708685e-02
    1.3519161179e-02
    1.2839857460e-02
    1.2160561360e-02
    1.1481265497e-02
    1.0801969642e-02
    1.0122673786e-02
    9.4433779315e-03
    8.7640820764e-03
    8.0847862214e-03
    7.4054903663e-03
    6.7261945113e-03
    6.0468986562e-03
    5.3676028012e-03
    3.2047510000e-03
    3.7878415160e-03
    4.4540515351e-03
    5.2357733491e-03
    6.1492410957e-03
    7.1971207631e-03
    8.3709361505e-03
    9.6533307853e-03
    1.1020165796e-02
    1.2442453739e-02
    1.3888128390e-02
    1.5323650475e-02
    1.6715449378e-02
    1.8031200787e-02
    1.9240940307e-02
    2.0318013024e-02
    2.1239859026e-02
    2.1988634883e-02
    2.2551671079e-02
    2.2921765399e-02
    2.3097312283e-02
    2.3082268119e-02
    2.2885952506e-02
    2.2522685465e-02
    2.2011260614e-02
    2.1374254289e-02
    2.0637170630e-02
    1.9827422617e-02
    1.8973149066e-02
    1.8101867577e-02
    1.7238963447e-02
    1.6406014525e-02
    1.5618952034e-02
    1.4886057348e-02
    1.4198708685e-02
    1.3519161179e-02
    1.2839857460e-02
    1.2160561360e-02
    1.1481265497e-02
    1.0801969642e-02
    1.0122673786e-02
    9.4433779315e-03
    8.7640820764e-03
    8.0847862214e-03
    7.4054903663e-03
    6.7261945113e-03
    6.0468986562e-03
    5.3676028012e-03
    3.2047510000e-03
    3.7878415160e-03
    4.4540515351e-03
    5.2357733491e-03
    6.1492410957e-03
    7.1971207631e-03
    8.3709361505e-03
    9.6533307853e-03
    1.1020165796e-02
    1.2442453739e-02
    1.3888128390e-02
    1.5323650475e-02
    1.6715449378e-02
    1.8031200787e-02
    1.9240940307e-02
    2.0318013024e-02
    2.1239859026e-02
    2.1988634883e-02
    2.2551671079e-02
    2.2921765399e-02
    2.3097312283e-02
    2.3082268119e-02
    2.2885952506e-02
    2.2522685465e-02
    2.2011260614e-02
    2.1374254289e-02
    2.0637170630e-02
    1.9827422617e-02
    1.8973149066e-02
    1.8101867577e-02
    1.7238963447e-02
    1.6406014525e-02
    1.5618952034e-02
    1.4886057348e-02
    1.4198708685e-02
    1.3519161179e-02
    1.2839857460e-02
    1.2160561360e-02
    1.1481265497e-02
    1.0801969642e-02
    1.0122673786e-02
    9.4433779315e-03
    8.7640820764e-03
    8.0847862214e-03
    7.4054903663e-03
    6.7261945113e-03
    6.0468986562e-03
    5.3676028012e-03
    3.2047510000e-03
    3.7878415160e-03
    4.4540515351e-03
    5.2357733491e-03
    6.1492410957e-03
    7.1971207631e-03
    8.3709361505e-03
    9.6533307853e-03
    1.1020165796e-02
    1.2442453739e-02
    1.3888128390e-02
    1.5323650475e-02
    1.6715449378e-02
    1.8031200787e-02
    1.9240940307e-02
    2.0318013024e-02
    2.1239859026e-02
    2.1988634883e-02
    2.2551671079e-02
    2.2921765399e-02
    2.3097312283e-02
    2.3082268119e-02
    2.2885952506e-02
    2.2522685465e-02
    2.2011260614e-02
    2.1374254289e-02
    2.0637170630e-02
    1.9827422617e-02
    1.8973149066e-02
    1.8101867577e-02
    1.7238963447e-02
    1.6406014525e-02
    1.5618952034e-02
    1.4886057348e-02
    1.4198708685e-02
    1.3519161179e-02
    1.2839857460e-02
    1.2160561360e-02
    1.1481265497e-02
    1.0801969642e-02
    1.0122673786e-02
    9.4433779315e-03
    8.7640820764e-03
    8.0847862214e-03
    7.4054903663e-03
    6.7261945113e-03
    6.0468986562e-03
    5.3676028012e-03
    3.2047510000e-03
    3.7878415160e-03
    4.4540515351e-03
    5.2357733491e-03
    6.1492410957e-03
    7.1971207631e-03
    8.3709361505e-03
    9.6533307853e-03
    1.1020165796e-02
    1.2442453739e-02
    1.3888128390e-02
    1.5323650475e-02
    1.6715449378e-02
    1.8031200787e-02
    1.9240940307e-02
    2.0318013024e-02
    2.1239859026e-02
    2.1988634883e-02
    2.2551671079e-02
    2.2921765399e-02
    2.3097312283e-02
    2.3082268119e-02
    2.2885952506e-02
    2.2522685465e-02
    2.2011260614e-02
    2.1374254289e-02
    2.0637170630e-02
    1.9827422617e-02
    1.8973149066e-02
    1.8101867577e-02
    1.7238963447e-02
    1.6406014525e-02
    1.5618952034e-02
    1.4886057348e-02
    1.4198708685e-02
    1.3519161179e-02
    1.2839857460e-02
    1.2160561360e-02
    1.1481265497e-02
    1.0801969642e-02
    1.0122673786e-02
    9.4433779315e-03
    8.7640820764e-03
    8.0847862214e-03
    7.4054903663e-03
    6.7261945113e-03
    6.0468986562e-03
    5.3676028012e-03
    3.2047510000e-03
    3.7878415160e-03
    4.4540515351e-03
    5.2357733491e-03
    6.1492410957e-03
    7.1971207631e-03
    8.3709361505e-03
    9.6533307853e-03
    1.1020165796e-02
    1.2442453739e-02
    1.3888128390e-02
    1.5323650475e-02
    1.6715449378e-02
    1.8031200787e-02
    1.9240940307e-02
    2.0318013024e-02
    2.1239859026e-02
    2.1988634883e-02
    2.2551671079e-02
    2.2921765399e-02
    2.3097312283e-02
    2.3082268119e-02
    2.2885952506e-02
    2.2522685465e-02
    2.2011260614e-02
    2.1374254289e-02
    2.0637170630e-02
    1.9827422617e-02
    1.8973149066e-02
    1.8101867577e-02
    1.7238963447e-02
    1.6406014525e-02
    1.5618952034e-02
    1.4886057348e-02
    1.4198708685e-02
    1.3519161179e-02
    1.2839857460e-02
    1.2160561360e-02
    1.1481265497e-02
    1.0801969642e-02
    1.0122673786e-02
    9.4433779315e-03
    8.7640820764e-03
    8.0847862214e-03
    7.4054903663e-03
    6.7261945113e-03
    6.0468986562e-03
    5.3676028012e-03
    3.2047510000e-03
    3.7878415160e-03
    4.4540515351e-03
    5.2357733491e-03
    6.1492410957e-03
    7.1971207631e-03
    8.3709361505e-03
    9.6533307853e-03
    1.1020165796e-02
    1.2442453739e-02
    1.3888128390e-02
    1.5323650475e-02
    1.6715449378e-02
    1.8031200787e-02
    1.9240940307e-02
    2.0318013024e-02
    2.1239859026e-02
    2.1988634883e-02
    2.2551671079e-02
    2.2921765399e-02
    2.3097312283e-02
    2.3082268119e-02
    2.2885952506e-02
    2.2522685465e-02
    2.2011260614e-02
    2.1374254289e-02
    2.0637170630e-02
    1.9827422617e-02
    1.8973149066e-02
    1.8101867577e-02
    1.7238963447e-02
    1.6406014525e-02
    1.5618952034e-02
    1.4886057348e-02
    1.4198708685e-02
    1.3519161179e-02
    1.2839857460e-02
    1.2160561360e-02
    1.1481265497e-02
    1.0801969642e-02
    1.0122673786e-02
    9.4433779315e-03
    8.7640820764e-03
    8.0847862214e-03
    7.4054903663e-03
    6.7261945113e-03
    6.0468986562e-03
    5.3676028012e-03
